0 2 4 9 11 19
0 2 9 16 11 19
0 2 11 16 21 19
0 2 11 21 28 31
0 2 4 9 7 11
0 2 9 16 19 23
0 2 7 16 21 23
0 2 7 9 16 11
0 2 11 19 28 33
0 2 11 19 21 28
0 2 7 11 16 21
0 2 7 11 21 28
0 4 9 11 19 14
0 9 16 11 19 14
0 11 16 21 19 14
0 11 21 28 31 14
0 4 9 7 11 14
0 9 16 19 23 14
0 7 16 21 23 14
0 7 9 16 11 14
0 11 19 28 33 14
0 11 19 21 28 14
0 7 11 16 21 14
0 7 11 21 28 14
2 4 9 11 19 12
2 9 16 11 19 12
2 11 16 21 19 12
2 11 21 28 31 12
2 4 9 7 11 12
2 9 16 19 23 12
2 7 16 21 23 12
2 7 9 16 11 12
2 11 19 28 33 12
2 11 19 21 28 12
2 7 11 16 21 12
2 7 11 21 28 12
4 9 11 19 14 12
9 16 11 19 14 12
11 16 21 19 14 12
11 21 28 31 14 12
4 9 7 11 14 12
9 16 19 23 14 12
19 28 33 35 26 24
19 21 28 23 26 24
11 19 28 33 14 12
11 19 21 28 14 12
19 23 28 33 26 24
19 23 33 40 26 24
0 10 14 15 17 19
0 10 15 26 17 19
0 10 17 26 27 31
0 10 17 27 38 31
0 10 14 15 19 29
0 10 15 26 19 29
0 10 19 26 27 29
0 10 19 27 38 29
0 10 17 19 26 27
0 10 17 19 27 38
0 10 19 29 38 39
0 10 19 29 39 50
0 2 3 5 7 10
0 3 14 5 7 10
0 5 14 15 19 10
0 5 15 26 19 10
0 2 3 7 17 10
0 3 14 7 17 10
0 7 14 15 17 10
0 7 15 26 17 10
0 5 7 14 15 10
0 5 7 15 26 10
0 7 17 26 27 10
0 7 17 27 38 10
10 14 15 17 19 12
10 15 26 17 19 12
10 17 26 27 31 12
10 17 27 38 31 12
10 14 15 19 29 12
10 15 26 19 29 12
10 19 26 27 29 12
10 19 27 38 29 12
10 17 19 26 27 12
10 17 19 27 38 12
10 19 29 38 39 12
10 19 29 39 50 12
2 3 5 7 10 12
3 14 5 7 10 12
5 14 15 19 10 12
5 15 26 19 10 12
2 3 7 17 10 12
3 14 7 17 10 12
7 14 15 17 10 12
7 15 26 17 10 12
5 7 14 15 10 12
5 7 15 26 10 12
7 17 26 27 10 12
7 17 27 38 10 12
0 2 9 16 11 19
0 2 4 9 11 19
0 2 11 21 28 31
0 2 11 16 21 19
0 2 9 16 19 23
0 2 4 9 7 11
0 2 7 9 16 11
0 2 7 16 21 23
0 2 11 19 21 28
0 2 11 19 28 33
0 2 7 11 21 28
0 2 7 11 16 21
0 9 16 11 19 14
0 4 9 11 19 14
0 11 21 28 31 14
0 11 16 21 19 14
0 9 16 19 23 14
0 4 9 7 11 14
0 7 9 16 11 14
0 7 16 21 23 14
0 11 19 21 28 14
0 11 19 28 33 14
0 7 11 21 28 14
0 7 11 16 21 14
2 9 16 11 19 12
2 4 9 11 19 12
2 11 21 28 31 12
2 11 16 21 19 12
2 9 16 19 23 12
2 4 9 7 11 12
2 7 9 16 11 12
2 7 16 21 23 12
2 11 19 21 28 12
2 11 19 28 33 12
2 7 11 21 28 12
2 7 11 16 21 12
9 16 11 19 14 12
4 9 11 19 14 12
11 21 28 31 14 12
11 16 21 19 14 12
9 16 19 23 14 12
4 9 7 11 14 12
19 21 28 23 26 24
19 28 33 35 26 24
11 19 21 28 14 12
11 19 28 33 14 12
19 23 33 40 26 24
19 23 28 33 26 24
0 10 15 26 17 19
0 10 14 15 17 19
0 10 17 27 38 31
0 10 17 26 27 31
0 10 15 26 19 29
0 10 14 15 19 29
0 10 19 27 38 29
0 10 19 26 27 29
0 10 17 19 27 38
0 10 17 19 26 27
0 10 19 29 39 50
0 10 19 29 38 39
0 3 14 5 7 10
0 2 3 5 7 10
0 5 15 26 19 10
0 5 14 15 19 10
0 3 14 7 17 10
0 2 3 7 17 10
0 7 15 26 17 10
0 7 14 15 17 10
0 5 7 15 26 10
0 5 7 14 15 10
0 7 17 27 38 10
0 7 17 26 27 10
10 15 26 17 19 12
10 14 15 17 19 12
10 17 27 38 31 12
10 17 26 27 31 12
10 15 26 19 29 12
10 14 15 19 29 12
10 19 27 38 29 12
10 19 26 27 29 12
10 17 19 27 38 12
10 17 19 26 27 12
10 19 29 39 50 12
10 19 29 38 39 12
3 14 5 7 10 12
2 3 5 7 10 12
5 15 26 19 10 12
5 14 15 19 10 12
3 14 7 17 10 12
2 3 7 17 10 12
7 15 26 17 10 12
7 14 15 17 10 12
5 7 15 26 10 12
5 7 14 15 10 12
7 17 27 38 10 12
7 17 26 27 10 12
0 2 11 16 21 19
0 2 11 21 28 31
0 2 4 9 11 19
0 2 9 16 11 19
0 2 11 19 28 33
0 2 11 19 21 28
0 2 7 11 16 21
0 2 7 11 21 28
0 2 4 9 7 11
0 2 9 16 19 23
0 2 7 16 21 23
0 2 7 9 16 11
0 11 16 21 19 14
0 11 21 28 31 14
0 4 9 11 19 14
0 9 16 11 19 14
0 11 19 28 33 14
0 11 19 21 28 14
0 7 11 16 21 14
0 7 11 21 28 14
0 4 9 7 11 14
0 9 16 19 23 14
0 7 16 21 23 14
0 7 9 16 11 14
2 11 16 21 19 12
2 11 21 28 31 12
2 4 9 11 19 12
2 9 16 11 19 12
2 11 19 28 33 12
2 11 19 21 28 12
2 7 11 16 21 12
2 7 11 21 28 12
2 4 9 7 11 12
2 9 16 19 23 12
2 7 16 21 23 12
2 7 9 16 11 12
11 16 21 19 14 12
11 21 28 31 14 12
4 9 11 19 14 12
9 16 11 19 14 12
11 19 28 33 14 12
11 19 21 28 14 12
19 23 28 33 26 24
19 23 33 40 26 24
4 9 7 11 14 12
9 16 19 23 14 12
19 28 33 35 26 24
19 21 28 23 26 24
0 10 17 26 27 31
0 10 17 27 38 31
0 10 14 15 17 19
0 10 15 26 17 19
0 10 17 19 26 27
0 10 17 19 27 38
0 10 19 29 38 39
0 10 19 29 39 50
0 10 14 15 19 29
0 10 15 26 19 29
0 10 19 26 27 29
0 10 19 27 38 29
0 5 14 15 19 10
0 5 15 26 19 10
0 2 3 5 7 10
0 3 14 5 7 10
0 5 7 14 15 10
0 5 7 15 26 10
0 7 17 26 27 10
0 7 17 27 38 10
0 2 3 7 17 10
0 3 14 7 17 10
0 7 14 15 17 10
0 7 15 26 17 10
10 17 26 27 31 12
10 17 27 38 31 12
10 14 15 17 19 12
10 15 26 17 19 12
10 17 19 26 27 12
10 17 19 27 38 12
10 19 29 38 39 12
10 19 29 39 50 12
10 14 15 19 29 12
10 15 26 19 29 12
10 19 26 27 29 12
10 19 27 38 29 12
5 14 15 19 10 12
5 15 26 19 10 12
2 3 5 7 10 12
3 14 5 7 10 12
5 7 14 15 10 12
5 7 15 26 10 12
7 17 26 27 10 12
7 17 27 38 10 12
2 3 7 17 10 12
3 14 7 17 10 12
7 14 15 17 10 12
7 15 26 17 10 12
0 2 11 21 28 31
0 2 11 16 21 19
0 2 9 16 11 19
0 2 4 9 11 19
0 2 11 19 21 28
0 2 11 19 28 33
0 2 7 11 21 28
0 2 7 11 16 21
0 2 9 16 19 23
0 2 4 9 7 11
0 2 7 9 16 11
0 2 7 16 21 23
0 11 21 28 31 14
0 11 16 21 19 14
0 9 16 11 19 14
0 4 9 11 19 14
0 11 19 21 28 14
0 11 19 28 33 14
0 7 11 21 28 14
0 7 11 16 21 14
0 9 16 19 23 14
0 4 9 7 11 14
0 7 9 16 11 14
0 7 16 21 23 14
2 11 21 28 31 12
2 11 16 21 19 12
2 9 16 11 19 12
2 4 9 11 19 12
2 11 19 21 28 12
2 11 19 28 33 12
2 7 11 21 28 12
2 7 11 16 21 12
2 9 16 19 23 12
2 4 9 7 11 12
2 7 9 16 11 12
2 7 16 21 23 12
11 21 28 31 14 12
11 16 21 19 14 12
9 16 11 19 14 12
4 9 11 19 14 12
11 19 21 28 14 12
11 19 28 33 14 12
19 23 33 40 26 24
19 23 28 33 26 24
9 16 19 23 14 12
4 9 7 11 14 12
19 21 28 23 26 24
19 28 33 35 26 24
0 10 17 27 38 31
0 10 17 26 27 31
0 10 15 26 17 19
0 10 14 15 17 19
0 10 17 19 27 38
0 10 17 19 26 27
0 10 19 29 39 50
0 10 19 29 38 39
0 10 15 26 19 29
0 10 14 15 19 29
0 10 19 27 38 29
0 10 19 26 27 29
0 5 15 26 19 10
0 5 14 15 19 10
0 3 14 5 7 10
0 2 3 5 7 10
0 5 7 15 26 10
0 5 7 14 15 10
0 7 17 27 38 10
0 7 17 26 27 10
0 3 14 7 17 10
0 2 3 7 17 10
0 7 15 26 17 10
0 7 14 15 17 10
10 17 27 38 31 12
10 17 26 27 31 12
10 15 26 17 19 12
10 14 15 17 19 12
10 17 19 27 38 12
10 17 19 26 27 12
10 19 29 39 50 12
10 19 29 38 39 12
10 15 26 19 29 12
10 14 15 19 29 12
10 19 27 38 29 12
10 19 26 27 29 12
5 15 26 19 10 12
5 14 15 19 10 12
3 14 5 7 10 12
2 3 5 7 10 12
5 7 15 26 10 12
5 7 14 15 10 12
7 17 27 38 10 12
7 17 26 27 10 12
3 14 7 17 10 12
2 3 7 17 10 12
7 15 26 17 10 12
7 14 15 17 10 12
0 2 4 9 7 11
0 2 9 16 19 23
0 2 7 16 21 23
0 2 7 9 16 11
0 2 4 9 11 19
0 2 9 16 11 19
0 2 11 16 21 19
0 2 11 21 28 31
0 2 7 11 16 21
0 2 7 11 21 28
0 2 11 19 28 33
0 2 11 19 21 28
0 4 9 7 11 14
0 9 16 19 23 14
0 7 16 21 23 14
0 7 9 16 11 14
0 4 9 11 19 14
0 9 16 11 19 14
0 11 16 21 19 14
0 11 21 28 31 14
0 7 11 16 21 14
0 7 11 21 28 14
0 11 19 28 33 14
0 11 19 21 28 14
2 4 9 7 11 12
2 9 16 19 23 12
2 7 16 21 23 12
2 7 9 16 11 12
2 4 9 11 19 12
2 9 16 11 19 12
2 11 16 21 19 12
2 11 21 28 31 12
2 7 11 16 21 12
2 7 11 21 28 12
2 11 19 28 33 12
2 11 19 21 28 12
4 9 7 11 14 12
9 16 19 23 14 12
19 28 33 35 26 24
19 21 28 23 26 24
4 9 11 19 14 12
9 16 11 19 14 12
11 16 21 19 14 12
11 21 28 31 14 12
19 23 28 33 26 24
19 23 33 40 26 24
11 19 28 33 14 12
11 19 21 28 14 12
0 10 14 15 19 29
0 10 15 26 19 29
0 10 19 26 27 29
0 10 19 27 38 29
0 10 14 15 17 19
0 10 15 26 17 19
0 10 17 26 27 31
0 10 17 27 38 31
0 10 19 29 38 39
0 10 19 29 39 50
0 10 17 19 26 27
0 10 17 19 27 38
0 2 3 7 17 10
0 3 14 7 17 10
0 7 14 15 17 10
0 7 15 26 17 10
0 2 3 5 7 10
0 3 14 5 7 10
0 5 14 15 19 10
0 5 15 26 19 10
0 7 17 26 27 10
0 7 17 27 38 10
0 5 7 14 15 10
0 5 7 15 26 10
10 14 15 19 29 12
10 15 26 19 29 12
10 19 26 27 29 12
10 19 27 38 29 12
10 14 15 17 19 12
10 15 26 17 19 12
10 17 26 27 31 12
10 17 27 38 31 12
10 19 29 38 39 12
10 19 29 39 50 12
10 17 19 26 27 12
10 17 19 27 38 12
2 3 7 17 10 12
3 14 7 17 10 12
7 14 15 17 10 12
7 15 26 17 10 12
2 3 5 7 10 12
3 14 5 7 10 12
5 14 15 19 10 12
5 15 26 19 10 12
7 17 26 27 10 12
7 17 27 38 10 12
5 7 14 15 10 12
5 7 15 26 10 12
0 2 9 16 19 23
0 2 4 9 7 11
0 2 7 9 16 11
0 2 7 16 21 23
0 2 9 16 11 19
0 2 4 9 11 19
0 2 11 21 28 31
0 2 11 16 21 19
0 2 7 11 21 28
0 2 7 11 16 21
0 2 11 19 21 28
0 2 11 19 28 33
0 9 16 19 23 14
0 4 9 7 11 14
0 7 9 16 11 14
0 7 16 21 23 14
0 9 16 11 19 14
0 4 9 11 19 14
0 11 21 28 31 14
0 11 16 21 19 14
0 7 11 21 28 14
0 7 11 16 21 14
0 11 19 21 28 14
0 11 19 28 33 14
2 9 16 19 23 12
2 4 9 7 11 12
2 7 9 16 11 12
2 7 16 21 23 12
2 9 16 11 19 12
2 4 9 11 19 12
2 11 21 28 31 12
2 11 16 21 19 12
2 7 11 21 28 12
2 7 11 16 21 12
2 11 19 21 28 12
2 11 19 28 33 12
9 16 19 23 14 12
4 9 7 11 14 12
19 21 28 23 26 24
19 28 33 35 26 24
9 16 11 19 14 12
4 9 11 19 14 12
11 21 28 31 14 12
11 16 21 19 14 12
19 23 33 40 26 24
19 23 28 33 26 24
11 19 21 28 14 12
11 19 28 33 14 12
0 10 15 26 19 29
0 10 14 15 19 29
0 10 19 27 38 29
0 10 19 26 27 29
0 10 15 26 17 19
0 10 14 15 17 19
0 10 17 27 38 31
0 10 17 26 27 31
0 10 19 29 39 50
0 10 19 29 38 39
0 10 17 19 27 38
0 10 17 19 26 27
0 3 14 7 17 10
0 2 3 7 17 10
0 7 15 26 17 10
0 7 14 15 17 10
0 3 14 5 7 10
0 2 3 5 7 10
0 5 15 26 19 10
0 5 14 15 19 10
0 7 17 27 38 10
0 7 17 26 27 10
0 5 7 15 26 10
0 5 7 14 15 10
10 15 26 19 29 12
10 14 15 19 29 12
10 19 27 38 29 12
10 19 26 27 29 12
10 15 26 17 19 12
10 14 15 17 19 12
10 17 27 38 31 12
10 17 26 27 31 12
10 19 29 39 50 12
10 19 29 38 39 12
10 17 19 27 38 12
10 17 19 26 27 12
3 14 7 17 10 12
2 3 7 17 10 12
7 15 26 17 10 12
7 14 15 17 10 12
3 14 5 7 10 12
2 3 5 7 10 12
5 15 26 19 10 12
5 14 15 19 10 12
7 17 27 38 10 12
7 17 26 27 10 12
5 7 15 26 10 12
5 7 14 15 10 12
0 2 7 16 21 23
0 2 7 9 16 11
0 2 4 9 7 11
0 2 9 16 19 23
0 2 7 11 16 21
0 2 7 11 21 28
0 2 11 19 28 33
0 2 11 19 21 28
0 2 4 9 11 19
0 2 9 16 11 19
0 2 11 16 21 19
0 2 11 21 28 31
0 7 16 21 23 14
0 7 9 16 11 14
0 4 9 7 11 14
0 9 16 19 23 14
0 7 11 16 21 14
0 7 11 21 28 14
0 11 19 28 33 14
0 11 19 21 28 14
0 4 9 11 19 14
0 9 16 11 19 14
0 11 16 21 19 14
0 11 21 28 31 14
2 7 16 21 23 12
2 7 9 16 11 12
2 4 9 7 11 12
2 9 16 19 23 12
2 7 11 16 21 12
2 7 11 21 28 12
2 11 19 28 33 12
2 11 19 21 28 12
2 4 9 11 19 12
2 9 16 11 19 12
2 11 16 21 19 12
2 11 21 28 31 12
19 28 33 35 26 24
19 21 28 23 26 24
4 9 7 11 14 12
9 16 19 23 14 12
19 23 28 33 26 24
19 23 33 40 26 24
11 19 28 33 14 12
11 19 21 28 14 12
4 9 11 19 14 12
9 16 11 19 14 12
11 16 21 19 14 12
11 21 28 31 14 12
0 10 19 26 27 29
0 10 19 27 38 29
0 10 14 15 19 29
0 10 15 26 19 29
0 10 19 29 38 39
0 10 19 29 39 50
0 10 17 19 26 27
0 10 17 19 27 38
0 10 14 15 17 19
0 10 15 26 17 19
0 10 17 26 27 31
0 10 17 27 38 31
0 7 14 15 17 10
0 7 15 26 17 10
0 2 3 7 17 10
0 3 14 7 17 10
0 7 17 26 27 10
0 7 17 27 38 10
0 5 7 14 15 10
0 5 7 15 26 10
0 2 3 5 7 10
0 3 14 5 7 10
0 5 14 15 19 10
0 5 15 26 19 10
10 19 26 27 29 12
10 19 27 38 29 12
10 14 15 19 29 12
10 15 26 19 29 12
10 19 29 38 39 12
10 19 29 39 50 12
10 17 19 26 27 12
10 17 19 27 38 12
10 14 15 17 19 12
10 15 26 17 19 12
10 17 26 27 31 12
10 17 27 38 31 12
7 14 15 17 10 12
7 15 26 17 10 12
2 3 7 17 10 12
3 14 7 17 10 12
7 17 26 27 10 12
7 17 27 38 10 12
5 7 14 15 10 12
5 7 15 26 10 12
2 3 5 7 10 12
3 14 5 7 10 12
5 14 15 19 10 12
5 15 26 19 10 12
0 2 7 9 16 11
0 2 7 16 21 23
0 2 9 16 19 23
0 2 4 9 7 11
0 2 7 11 21 28
0 2 7 11 16 21
0 2 11 19 21 28
0 2 11 19 28 33
0 2 9 16 11 19
0 2 4 9 11 19
0 2 11 21 28 31
0 2 11 16 21 19
0 7 9 16 11 14
0 7 16 21 23 14
0 9 16 19 23 14
0 4 9 7 11 14
0 7 11 21 28 14
0 7 11 16 21 14
0 11 19 21 28 14
0 11 19 28 33 14
0 9 16 11 19 14
0 4 9 11 19 14
0 11 21 28 31 14
0 11 16 21 19 14
2 7 9 16 11 12
2 7 16 21 23 12
2 9 16 19 23 12
2 4 9 7 11 12
2 7 11 21 28 12
2 7 11 16 21 12
2 11 19 21 28 12
2 11 19 28 33 12
2 9 16 11 19 12
2 4 9 11 19 12
2 11 21 28 31 12
2 11 16 21 19 12
19 21 28 23 26 24
19 28 33 35 26 24
9 16 19 23 14 12
4 9 7 11 14 12
19 23 33 40 26 24
19 23 28 33 26 24
11 19 21 28 14 12
11 19 28 33 14 12
9 16 11 19 14 12
4 9 11 19 14 12
11 21 28 31 14 12
11 16 21 19 14 12
0 10 19 27 38 29
0 10 19 26 27 29
0 10 15 26 19 29
0 10 14 15 19 29
0 10 19 29 39 50
0 10 19 29 38 39
0 10 17 19 27 38
0 10 17 19 26 27
0 10 15 26 17 19
0 10 14 15 17 19
0 10 17 27 38 31
0 10 17 26 27 31
0 7 15 26 17 10
0 7 14 15 17 10
0 3 14 7 17 10
0 2 3 7 17 10
0 7 17 27 38 10
0 7 17 26 27 10
0 5 7 15 26 10
0 5 7 14 15 10
0 3 14 5 7 10
0 2 3 5 7 10
0 5 15 26 19 10
0 5 14 15 19 10
10 19 27 38 29 12
10 19 26 27 29 12
10 15 26 19 29 12
10 14 15 19 29 12
10 19 29 39 50 12
10 19 29 38 39 12
10 17 19 27 38 12
10 17 19 26 27 12
10 15 26 17 19 12
10 14 15 17 19 12
10 17 27 38 31 12
10 17 26 27 31 12
7 15 26 17 10 12
7 14 15 17 10 12
3 14 7 17 10 12
2 3 7 17 10 12
7 17 27 38 10 12
7 17 26 27 10 12
5 7 15 26 10 12
5 7 14 15 10 12
3 14 5 7 10 12
2 3 5 7 10 12
5 15 26 19 10 12
5 14 15 19 10 12
0 2 11 19 28 33
0 2 11 19 21 28
0 2 7 11 16 21
0 2 7 11 21 28
0 2 11 16 21 19
0 2 11 21 28 31
0 2 4 9 11 19
0 2 9 16 11 19
0 2 7 16 21 23
0 2 7 9 16 11
0 2 4 9 7 11
0 2 9 16 19 23
0 11 19 28 33 14
0 11 19 21 28 14
0 7 11 16 21 14
0 7 11 21 28 14
0 11 16 21 19 14
0 11 21 28 31 14
0 4 9 11 19 14
0 9 16 11 19 14
0 7 16 21 23 14
0 7 9 16 11 14
0 4 9 7 11 14
0 9 16 19 23 14
2 11 19 28 33 12
2 11 19 21 28 12
2 7 11 16 21 12
2 7 11 21 28 12
2 11 16 21 19 12
2 11 21 28 31 12
2 4 9 11 19 12
2 9 16 11 19 12
2 7 16 21 23 12
2 7 9 16 11 12
2 4 9 7 11 12
2 9 16 19 23 12
11 19 28 33 14 12
11 19 21 28 14 12
19 23 28 33 26 24
19 23 33 40 26 24
11 16 21 19 14 12
11 21 28 31 14 12
4 9 11 19 14 12
9 16 11 19 14 12
19 28 33 35 26 24
19 21 28 23 26 24
4 9 7 11 14 12
9 16 19 23 14 12
0 10 17 19 26 27
0 10 17 19 27 38
0 10 19 29 38 39
0 10 19 29 39 50
0 10 17 26 27 31
0 10 17 27 38 31
0 10 14 15 17 19
0 10 15 26 17 19
0 10 19 26 27 29
0 10 19 27 38 29
0 10 14 15 19 29
0 10 15 26 19 29
0 5 7 14 15 10
0 5 7 15 26 10
0 7 17 26 27 10
0 7 17 27 38 10
0 5 14 15 19 10
0 5 15 26 19 10
0 2 3 5 7 10
0 3 14 5 7 10
0 7 14 15 17 10
0 7 15 26 17 10
0 2 3 7 17 10
0 3 14 7 17 10
10 17 19 26 27 12
10 17 19 27 38 12
10 19 29 38 39 12
10 19 29 39 50 12
10 17 26 27 31 12
10 17 27 38 31 12
10 14 15 17 19 12
10 15 26 17 19 12
10 19 26 27 29 12
10 19 27 38 29 12
10 14 15 19 29 12
10 15 26 19 29 12
5 7 14 15 10 12
5 7 15 26 10 12
7 17 26 27 10 12
7 17 27 38 10 12
5 14 15 19 10 12
5 15 26 19 10 12
2 3 5 7 10 12
3 14 5 7 10 12
7 14 15 17 10 12
7 15 26 17 10 12
2 3 7 17 10 12
3 14 7 17 10 12
0 2 11 19 21 28
0 2 11 19 28 33
0 2 7 11 21 28
0 2 7 11 16 21
0 2 11 21 28 31
0 2 11 16 21 19
0 2 9 16 11 19
0 2 4 9 11 19
0 2 7 9 16 11
0 2 7 16 21 23
0 2 9 16 19 23
0 2 4 9 7 11
0 11 19 21 28 14
0 11 19 28 33 14
0 7 11 21 28 14
0 7 11 16 21 14
0 11 21 28 31 14
0 11 16 21 19 14
0 9 16 11 19 14
0 4 9 11 19 14
0 7 9 16 11 14
0 7 16 21 23 14
0 9 16 19 23 14
0 4 9 7 11 14
2 11 19 21 28 12
2 11 19 28 33 12
2 7 11 21 28 12
2 7 11 16 21 12
2 11 21 28 31 12
2 11 16 21 19 12
2 9 16 11 19 12
2 4 9 11 19 12
2 7 9 16 11 12
2 7 16 21 23 12
2 9 16 19 23 12
2 4 9 7 11 12
11 19 21 28 14 12
11 19 28 33 14 12
19 23 33 40 26 24
19 23 28 33 26 24
11 21 28 31 14 12
11 16 21 19 14 12
9 16 11 19 14 12
4 9 11 19 14 12
19 21 28 23 26 24
19 28 33 35 26 24
9 16 19 23 14 12
4 9 7 11 14 12
0 10 17 19 27 38
0 10 17 19 26 27
0 10 19 29 39 50
0 10 19 29 38 39
0 10 17 27 38 31
0 10 17 26 27 31
0 10 15 26 17 19
0 10 14 15 17 19
0 10 19 27 38 29
0 10 19 26 27 29
0 10 15 26 19 29
0 10 14 15 19 29
0 5 7 15 26 10
0 5 7 14 15 10
0 7 17 27 38 10
0 7 17 26 27 10
0 5 15 26 19 10
0 5 14 15 19 10
0 3 14 5 7 10
0 2 3 5 7 10
0 7 15 26 17 10
0 7 14 15 17 10
0 3 14 7 17 10
0 2 3 7 17 10
10 17 19 27 38 12
10 17 19 26 27 12
10 19 29 39 50 12
10 19 29 38 39 12
10 17 27 38 31 12
10 17 26 27 31 12
10 15 26 17 19 12
10 14 15 17 19 12
10 19 27 38 29 12
10 19 26 27 29 12
10 15 26 19 29 12
10 14 15 19 29 12
5 7 15 26 10 12
5 7 14 15 10 12
7 17 27 38 10 12
7 17 26 27 10 12
5 15 26 19 10 12
5 14 15 19 10 12
3 14 5 7 10 12
2 3 5 7 10 12
7 15 26 17 10 12
7 14 15 17 10 12
3 14 7 17 10 12
2 3 7 17 10 12
0 2 7 11 16 21
0 2 7 11 21 28
0 2 11 19 28 33
0 2 11 19 21 28
0 2 7 16 21 23
0 2 7 9 16 11
0 2 4 9 7 11
0 2 9 16 19 23
0 2 11 16 21 19
0 2 11 21 28 31
0 2 4 9 11 19
0 2 9 16 11 19
0 7 11 16 21 14
0 7 11 21 28 14
0 11 19 28 33 14
0 11 19 21 28 14
0 7 16 21 23 14
0 7 9 16 11 14
0 4 9 7 11 14
0 9 16 19 23 14
0 11 16 21 19 14
0 11 21 28 31 14
0 4 9 11 19 14
0 9 16 11 19 14
2 7 11 16 21 12
2 7 11 21 28 12
2 11 19 28 33 12
2 11 19 21 28 12
2 7 16 21 23 12
2 7 9 16 11 12
2 4 9 7 11 12
2 9 16 19 23 12
2 11 16 21 19 12
2 11 21 28 31 12
2 4 9 11 19 12
2 9 16 11 19 12
19 23 28 33 26 24
19 23 33 40 26 24
11 19 28 33 14 12
11 19 21 28 14 12
19 28 33 35 26 24
19 21 28 23 26 24
4 9 7 11 14 12
9 16 19 23 14 12
11 16 21 19 14 12
11 21 28 31 14 12
4 9 11 19 14 12
9 16 11 19 14 12
0 10 19 29 38 39
0 10 19 29 39 50
0 10 17 19 26 27
0 10 17 19 27 38
0 10 19 26 27 29
0 10 19 27 38 29
0 10 14 15 19 29
0 10 15 26 19 29
0 10 17 26 27 31
0 10 17 27 38 31
0 10 14 15 17 19
0 10 15 26 17 19
0 7 17 26 27 10
0 7 17 27 38 10
0 5 7 14 15 10
0 5 7 15 26 10
0 7 14 15 17 10
0 7 15 26 17 10
0 2 3 7 17 10
0 3 14 7 17 10
0 5 14 15 19 10
0 5 15 26 19 10
0 2 3 5 7 10
0 3 14 5 7 10
10 19 29 38 39 12
10 19 29 39 50 12
10 17 19 26 27 12
10 17 19 27 38 12
10 19 26 27 29 12
10 19 27 38 29 12
10 14 15 19 29 12
10 15 26 19 29 12
10 17 26 27 31 12
10 17 27 38 31 12
10 14 15 17 19 12
10 15 26 17 19 12
7 17 26 27 10 12
7 17 27 38 10 12
5 7 14 15 10 12
5 7 15 26 10 12
7 14 15 17 10 12
7 15 26 17 10 12
2 3 7 17 10 12
3 14 7 17 10 12
5 14 15 19 10 12
5 15 26 19 10 12
2 3 5 7 10 12
3 14 5 7 10 12
0 2 7 11 21 28
0 2 7 11 16 21
0 2 11 19 21 28
0 2 11 19 28 33
0 2 7 9 16 11
0 2 7 16 21 23
0 2 9 16 19 23
0 2 4 9 7 11
0 2 11 21 28 31
0 2 11 16 21 19
0 2 9 16 11 19
0 2 4 9 11 19
0 7 11 21 28 14
0 7 11 16 21 14
0 11 19 21 28 14
0 11 19 28 33 14
0 7 9 16 11 14
0 7 16 21 23 14
0 9 16 19 23 14
0 4 9 7 11 14
0 11 21 28 31 14
0 11 16 21 19 14
0 9 16 11 19 14
0 4 9 11 19 14
2 7 11 21 28 12
2 7 11 16 21 12
2 11 19 21 28 12
2 11 19 28 33 12
2 7 9 16 11 12
2 7 16 21 23 12
2 9 16 19 23 12
2 4 9 7 11 12
2 11 21 28 31 12
2 11 16 21 19 12
2 9 16 11 19 12
2 4 9 11 19 12
19 23 33 40 26 24
19 23 28 33 26 24
11 19 21 28 14 12
11 19 28 33 14 12
19 21 28 23 26 24
19 28 33 35 26 24
9 16 19 23 14 12
4 9 7 11 14 12
11 21 28 31 14 12
11 16 21 19 14 12
9 16 11 19 14 12
4 9 11 19 14 12
0 10 19 29 39 50
0 10 19 29 38 39
0 10 17 19 27 38
0 10 17 19 26 27
0 10 19 27 38 29
0 10 19 26 27 29
0 10 15 26 19 29
0 10 14 15 19 29
0 10 17 27 38 31
0 10 17 26 27 31
0 10 15 26 17 19
0 10 14 15 17 19
0 7 17 27 38 10
0 7 17 26 27 10
0 5 7 15 26 10
0 5 7 14 15 10
0 7 15 26 17 10
0 7 14 15 17 10
0 3 14 7 17 10
0 2 3 7 17 10
0 5 15 26 19 10
0 5 14 15 19 10
0 3 14 5 7 10
0 2 3 5 7 10
10 19 29 39 50 12
10 19 29 38 39 12
10 17 19 27 38 12
10 17 19 26 27 12
10 19 27 38 29 12
10 19 26 27 29 12
10 15 26 19 29 12
10 14 15 19 29 12
10 17 27 38 31 12
10 17 26 27 31 12
10 15 26 17 19 12
10 14 15 17 19 12
7 17 27 38 10 12
7 17 26 27 10 12
5 7 15 26 10 12
5 7 14 15 10 12
7 15 26 17 10 12
7 14 15 17 10 12
3 14 7 17 10 12
2 3 7 17 10 12
5 15 26 19 10 12
5 14 15 19 10 12
3 14 5 7 10 12
2 3 5 7 10 12
0 4 9 11 19 14
0 9 16 11 19 14
0 11 16 21 19 14
0 11 21 28 31 14
0 4 9 7 11 14
0 9 16 19 23 14
0 7 16 21 23 14
0 7 9 16 11 14
0 11 19 28 33 14
0 11 19 21 28 14
0 7 11 16 21 14
0 7 11 21 28 14
0 2 4 9 11 19
0 2 9 16 11 19
0 2 11 16 21 19
0 2 11 21 28 31
0 2 4 9 7 11
0 2 9 16 19 23
0 2 7 16 21 23
0 2 7 9 16 11
0 2 11 19 28 33
0 2 11 19 21 28
0 2 7 11 16 21
0 2 7 11 21 28
4 9 11 19 14 12
9 16 11 19 14 12
11 16 21 19 14 12
11 21 28 31 14 12
4 9 7 11 14 12
9 16 19 23 14 12
19 28 33 35 26 24
19 21 28 23 26 24
11 19 28 33 14 12
11 19 21 28 14 12
19 23 28 33 26 24
19 23 33 40 26 24
2 4 9 11 19 12
2 9 16 11 19 12
2 11 16 21 19 12
2 11 21 28 31 12
2 4 9 7 11 12
2 9 16 19 23 12
2 7 16 21 23 12
2 7 9 16 11 12
2 11 19 28 33 12
2 11 19 21 28 12
2 7 11 16 21 12
2 7 11 21 28 12
0 2 3 5 7 10
0 3 14 5 7 10
0 5 14 15 19 10
0 5 15 26 19 10
0 2 3 7 17 10
0 3 14 7 17 10
0 7 14 15 17 10
0 7 15 26 17 10
0 5 7 14 15 10
0 5 7 15 26 10
0 7 17 26 27 10
0 7 17 27 38 10
0 10 14 15 17 19
0 10 15 26 17 19
0 10 17 26 27 31
0 10 17 27 38 31
0 10 14 15 19 29
0 10 15 26 19 29
0 10 19 26 27 29
0 10 19 27 38 29
0 10 17 19 26 27
0 10 17 19 27 38
0 10 19 29 38 39
0 10 19 29 39 50
2 3 5 7 10 12
3 14 5 7 10 12
5 14 15 19 10 12
5 15 26 19 10 12
2 3 7 17 10 12
3 14 7 17 10 12
7 14 15 17 10 12
7 15 26 17 10 12
5 7 14 15 10 12
5 7 15 26 10 12
7 17 26 27 10 12
7 17 27 38 10 12
10 14 15 17 19 12
10 15 26 17 19 12
10 17 26 27 31 12
10 17 27 38 31 12
10 14 15 19 29 12
10 15 26 19 29 12
10 19 26 27 29 12
10 19 27 38 29 12
10 17 19 26 27 12
10 17 19 27 38 12
10 19 29 38 39 12
10 19 29 39 50 12
0 9 16 11 19 14
0 4 9 11 19 14
0 11 21 28 31 14
0 11 16 21 19 14
0 9 16 19 23 14
0 4 9 7 11 14
0 7 9 16 11 14
0 7 16 21 23 14
0 11 19 21 28 14
0 11 19 28 33 14
0 7 11 21 28 14
0 7 11 16 21 14
0 2 9 16 11 19
0 2 4 9 11 19
0 2 11 21 28 31
0 2 11 16 21 19
0 2 9 16 19 23
0 2 4 9 7 11
0 2 7 9 16 11
0 2 7 16 21 23
0 2 11 19 21 28
0 2 11 19 28 33
0 2 7 11 21 28
0 2 7 11 16 21
9 16 11 19 14 12
4 9 11 19 14 12
11 21 28 31 14 12
11 16 21 19 14 12
9 16 19 23 14 12
4 9 7 11 14 12
19 21 28 23 26 24
19 28 33 35 26 24
11 19 21 28 14 12
11 19 28 33 14 12
19 23 33 40 26 24
19 23 28 33 26 24
2 9 16 11 19 12
2 4 9 11 19 12
2 11 21 28 31 12
2 11 16 21 19 12
2 9 16 19 23 12
2 4 9 7 11 12
2 7 9 16 11 12
2 7 16 21 23 12
2 11 19 21 28 12
2 11 19 28 33 12
2 7 11 21 28 12
2 7 11 16 21 12
0 3 14 5 7 10
0 2 3 5 7 10
0 5 15 26 19 10
0 5 14 15 19 10
0 3 14 7 17 10
0 2 3 7 17 10
0 7 15 26 17 10
0 7 14 15 17 10
0 5 7 15 26 10
0 5 7 14 15 10
0 7 17 27 38 10
0 7 17 26 27 10
0 10 15 26 17 19
0 10 14 15 17 19
0 10 17 27 38 31
0 10 17 26 27 31
0 10 15 26 19 29
0 10 14 15 19 29
0 10 19 27 38 29
0 10 19 26 27 29
0 10 17 19 27 38
0 10 17 19 26 27
0 10 19 29 39 50
0 10 19 29 38 39
3 14 5 7 10 12
2 3 5 7 10 12
5 15 26 19 10 12
5 14 15 19 10 12
3 14 7 17 10 12
2 3 7 17 10 12
7 15 26 17 10 12
7 14 15 17 10 12
5 7 15 26 10 12
5 7 14 15 10 12
7 17 27 38 10 12
7 17 26 27 10 12
10 15 26 17 19 12
10 14 15 17 19 12
10 17 27 38 31 12
10 17 26 27 31 12
10 15 26 19 29 12
10 14 15 19 29 12
10 19 27 38 29 12
10 19 26 27 29 12
10 17 19 27 38 12
10 17 19 26 27 12
10 19 29 39 50 12
10 19 29 38 39 12
0 11 16 21 19 14
0 11 21 28 31 14
0 4 9 11 19 14
0 9 16 11 19 14
0 11 19 28 33 14
0 11 19 21 28 14
0 7 11 16 21 14
0 7 11 21 28 14
0 4 9 7 11 14
0 9 16 19 23 14
0 7 16 21 23 14
0 7 9 16 11 14
0 2 11 16 21 19
0 2 11 21 28 31
0 2 4 9 11 19
0 2 9 16 11 19
0 2 11 19 28 33
0 2 11 19 21 28
0 2 7 11 16 21
0 2 7 11 21 28
0 2 4 9 7 11
0 2 9 16 19 23
0 2 7 16 21 23
0 2 7 9 16 11
11 16 21 19 14 12
11 21 28 31 14 12
4 9 11 19 14 12
9 16 11 19 14 12
11 19 28 33 14 12
11 19 21 28 14 12
19 23 28 33 26 24
19 23 33 40 26 24
4 9 7 11 14 12
9 16 19 23 14 12
19 28 33 35 26 24
19 21 28 23 26 24
2 11 16 21 19 12
2 11 21 28 31 12
2 4 9 11 19 12
2 9 16 11 19 12
2 11 19 28 33 12
2 11 19 21 28 12
2 7 11 16 21 12
2 7 11 21 28 12
2 4 9 7 11 12
2 9 16 19 23 12
2 7 16 21 23 12
2 7 9 16 11 12
0 5 14 15 19 10
0 5 15 26 19 10
0 2 3 5 7 10
0 3 14 5 7 10
0 5 7 14 15 10
0 5 7 15 26 10
0 7 17 26 27 10
0 7 17 27 38 10
0 2 3 7 17 10
0 3 14 7 17 10
0 7 14 15 17 10
0 7 15 26 17 10
0 10 17 26 27 31
0 10 17 27 38 31
0 10 14 15 17 19
0 10 15 26 17 19
0 10 17 19 26 27
0 10 17 19 27 38
0 10 19 29 38 39
0 10 19 29 39 50
0 10 14 15 19 29
0 10 15 26 19 29
0 10 19 26 27 29
0 10 19 27 38 29
5 14 15 19 10 12
5 15 26 19 10 12
2 3 5 7 10 12
3 14 5 7 10 12
5 7 14 15 10 12
5 7 15 26 10 12
7 17 26 27 10 12
7 17 27 38 10 12
2 3 7 17 10 12
3 14 7 17 10 12
7 14 15 17 10 12
7 15 26 17 10 12
10 17 26 27 31 12
10 17 27 38 31 12
10 14 15 17 19 12
10 15 26 17 19 12
10 17 19 26 27 12
10 17 19 27 38 12
10 19 29 38 39 12
10 19 29 39 50 12
10 14 15 19 29 12
10 15 26 19 29 12
10 19 26 27 29 12
10 19 27 38 29 12
0 11 21 28 31 14
0 11 16 21 19 14
0 9 16 11 19 14
0 4 9 11 19 14
0 11 19 21 28 14
0 11 19 28 33 14
0 7 11 21 28 14
0 7 11 16 21 14
0 9 16 19 23 14
0 4 9 7 11 14
0 7 9 16 11 14
0 7 16 21 23 14
0 2 11 21 28 31
0 2 11 16 21 19
0 2 9 16 11 19
0 2 4 9 11 19
0 2 11 19 21 28
0 2 11 19 28 33
0 2 7 11 21 28
0 2 7 11 16 21
0 2 9 16 19 23
0 2 4 9 7 11
0 2 7 9 16 11
0 2 7 16 21 23
11 21 28 31 14 12
11 16 21 19 14 12
9 16 11 19 14 12
4 9 11 19 14 12
11 19 21 28 14 12
11 19 28 33 14 12
19 23 33 40 26 24
19 23 28 33 26 24
9 16 19 23 14 12
4 9 7 11 14 12
19 21 28 23 26 24
19 28 33 35 26 24
2 11 21 28 31 12
2 11 16 21 19 12
2 9 16 11 19 12
2 4 9 11 19 12
2 11 19 21 28 12
2 11 19 28 33 12
2 7 11 21 28 12
2 7 11 16 21 12
2 9 16 19 23 12
2 4 9 7 11 12
2 7 9 16 11 12
2 7 16 21 23 12
0 5 15 26 19 10
0 5 14 15 19 10
0 3 14 5 7 10
0 2 3 5 7 10
0 5 7 15 26 10
0 5 7 14 15 10
0 7 17 27 38 10
0 7 17 26 27 10
0 3 14 7 17 10
0 2 3 7 17 10
0 7 15 26 17 10
0 7 14 15 17 10
0 10 17 27 38 31
0 10 17 26 27 31
0 10 15 26 17 19
0 10 14 15 17 19
0 10 17 19 27 38
0 10 17 19 26 27
0 10 19 29 39 50
0 10 19 29 38 39
0 10 15 26 19 29
0 10 14 15 19 29
0 10 19 27 38 29
0 10 19 26 27 29
5 15 26 19 10 12
5 14 15 19 10 12
3 14 5 7 10 12
2 3 5 7 10 12
5 7 15 26 10 12
5 7 14 15 10 12
7 17 27 38 10 12
7 17 26 27 10 12
3 14 7 17 10 12
2 3 7 17 10 12
7 15 26 17 10 12
7 14 15 17 10 12
10 17 27 38 31 12
10 17 26 27 31 12
10 15 26 17 19 12
10 14 15 17 19 12
10 17 19 27 38 12
10 17 19 26 27 12
10 19 29 39 50 12
10 19 29 38 39 12
10 15 26 19 29 12
10 14 15 19 29 12
10 19 27 38 29 12
10 19 26 27 29 12
0 4 9 7 11 14
0 9 16 19 23 14
0 7 16 21 23 14
0 7 9 16 11 14
0 4 9 11 19 14
0 9 16 11 19 14
0 11 16 21 19 14
0 11 21 28 31 14
0 7 11 16 21 14
0 7 11 21 28 14
0 11 19 28 33 14
0 11 19 21 28 14
0 2 4 9 7 11
0 2 9 16 19 23
0 2 7 16 21 23
0 2 7 9 16 11
0 2 4 9 11 19
0 2 9 16 11 19
0 2 11 16 21 19
0 2 11 21 28 31
0 2 7 11 16 21
0 2 7 11 21 28
0 2 11 19 28 33
0 2 11 19 21 28
4 9 7 11 14 12
9 16 19 23 14 12
19 28 33 35 26 24
19 21 28 23 26 24
4 9 11 19 14 12
9 16 11 19 14 12
11 16 21 19 14 12
11 21 28 31 14 12
19 23 28 33 26 24
19 23 33 40 26 24
11 19 28 33 14 12
11 19 21 28 14 12
2 4 9 7 11 12
2 9 16 19 23 12
2 7 16 21 23 12
2 7 9 16 11 12
2 4 9 11 19 12
2 9 16 11 19 12
2 11 16 21 19 12
2 11 21 28 31 12
2 7 11 16 21 12
2 7 11 21 28 12
2 11 19 28 33 12
2 11 19 21 28 12
0 2 3 7 17 10
0 3 14 7 17 10
0 7 14 15 17 10
0 7 15 26 17 10
0 2 3 5 7 10
0 3 14 5 7 10
0 5 14 15 19 10
0 5 15 26 19 10
0 7 17 26 27 10
0 7 17 27 38 10
0 5 7 14 15 10
0 5 7 15 26 10
0 10 14 15 19 29
0 10 15 26 19 29
0 10 19 26 27 29
0 10 19 27 38 29
0 10 14 15 17 19
0 10 15 26 17 19
0 10 17 26 27 31
0 10 17 27 38 31
0 10 19 29 38 39
0 10 19 29 39 50
0 10 17 19 26 27
0 10 17 19 27 38
2 3 7 17 10 12
3 14 7 17 10 12
7 14 15 17 10 12
7 15 26 17 10 12
2 3 5 7 10 12
3 14 5 7 10 12
5 14 15 19 10 12
5 15 26 19 10 12
7 17 26 27 10 12
7 17 27 38 10 12
5 7 14 15 10 12
5 7 15 26 10 12
10 14 15 19 29 12
10 15 26 19 29 12
10 19 26 27 29 12
10 19 27 38 29 12
10 14 15 17 19 12
10 15 26 17 19 12
10 17 26 27 31 12
10 17 27 38 31 12
10 19 29 38 39 12
10 19 29 39 50 12
10 17 19 26 27 12
10 17 19 27 38 12
0 9 16 19 23 14
0 4 9 7 11 14
0 7 9 16 11 14
0 7 16 21 23 14
0 9 16 11 19 14
0 4 9 11 19 14
0 11 21 28 31 14
0 11 16 21 19 14
0 7 11 21 28 14
0 7 11 16 21 14
0 11 19 21 28 14
0 11 19 28 33 14
0 2 9 16 19 23
0 2 4 9 7 11
0 2 7 9 16 11
0 2 7 16 21 23
0 2 9 16 11 19
0 2 4 9 11 19
0 2 11 21 28 31
0 2 11 16 21 19
0 2 7 11 21 28
0 2 7 11 16 21
0 2 11 19 21 28
0 2 11 19 28 33
9 16 19 23 14 12
4 9 7 11 14 12
19 21 28 23 26 24
19 28 33 35 26 24
9 16 11 19 14 12
4 9 11 19 14 12
11 21 28 31 14 12
11 16 21 19 14 12
19 23 33 40 26 24
19 23 28 33 26 24
11 19 21 28 14 12
11 19 28 33 14 12
2 9 16 19 23 12
2 4 9 7 11 12
2 7 9 16 11 12
2 7 16 21 23 12
2 9 16 11 19 12
2 4 9 11 19 12
2 11 21 28 31 12
2 11 16 21 19 12
2 7 11 21 28 12
2 7 11 16 21 12
2 11 19 21 28 12
2 11 19 28 33 12
0 3 14 7 17 10
0 2 3 7 17 10
0 7 15 26 17 10
0 7 14 15 17 10
0 3 14 5 7 10
0 2 3 5 7 10
0 5 15 26 19 10
0 5 14 15 19 10
0 7 17 27 38 10
0 7 17 26 27 10
0 5 7 15 26 10
0 5 7 14 15 10
0 10 15 26 19 29
0 10 14 15 19 29
0 10 19 27 38 29
0 10 19 26 27 29
0 10 15 26 17 19
0 10 14 15 17 19
0 10 17 27 38 31
0 10 17 26 27 31
0 10 19 29 39 50
0 10 19 29 38 39
0 10 17 19 27 38
0 10 17 19 26 27
3 14 7 17 10 12
2 3 7 17 10 12
7 15 26 17 10 12
7 14 15 17 10 12
3 14 5 7 10 12
2 3 5 7 10 12
5 15 26 19 10 12
5 14 15 19 10 12
7 17 27 38 10 12
7 17 26 27 10 12
5 7 15 26 10 12
5 7 14 15 10 12
10 15 26 19 29 12
10 14 15 19 29 12
10 19 27 38 29 12
10 19 26 27 29 12
10 15 26 17 19 12
10 14 15 17 19 12
10 17 27 38 31 12
10 17 26 27 31 12
10 19 29 39 50 12
10 19 29 38 39 12
10 17 19 27 38 12
10 17 19 26 27 12
0 7 16 21 23 14
0 7 9 16 11 14
0 4 9 7 11 14
0 9 16 19 23 14
0 7 11 16 21 14
0 7 11 21 28 14
0 11 19 28 33 14
0 11 19 21 28 14
0 4 9 11 19 14
0 9 16 11 19 14
0 11 16 21 19 14
0 11 21 28 31 14
0 2 7 16 21 23
0 2 7 9 16 11
0 2 4 9 7 11
0 2 9 16 19 23
0 2 7 11 16 21
0 2 7 11 21 28
0 2 11 19 28 33
0 2 11 19 21 28
0 2 4 9 11 19
0 2 9 16 11 19
0 2 11 16 21 19
0 2 11 21 28 31
19 28 33 35 26 24
19 21 28 23 26 24
4 9 7 11 14 12
9 16 19 23 14 12
19 23 28 33 26 24
19 23 33 40 26 24
11 19 28 33 14 12
11 19 21 28 14 12
4 9 11 19 14 12
9 16 11 19 14 12
11 16 21 19 14 12
11 21 28 31 14 12
2 7 16 21 23 12
2 7 9 16 11 12
2 4 9 7 11 12
2 9 16 19 23 12
2 7 11 16 21 12
2 7 11 21 28 12
2 11 19 28 33 12
2 11 19 21 28 12
2 4 9 11 19 12
2 9 16 11 19 12
2 11 16 21 19 12
2 11 21 28 31 12
0 7 14 15 17 10
0 7 15 26 17 10
0 2 3 7 17 10
0 3 14 7 17 10
0 7 17 26 27 10
0 7 17 27 38 10
0 5 7 14 15 10
0 5 7 15 26 10
0 2 3 5 7 10
0 3 14 5 7 10
0 5 14 15 19 10
0 5 15 26 19 10
0 10 19 26 27 29
0 10 19 27 38 29
0 10 14 15 19 29
0 10 15 26 19 29
0 10 19 29 38 39
0 10 19 29 39 50
0 10 17 19 26 27
0 10 17 19 27 38
0 10 14 15 17 19
0 10 15 26 17 19
0 10 17 26 27 31
0 10 17 27 38 31
7 14 15 17 10 12
7 15 26 17 10 12
2 3 7 17 10 12
3 14 7 17 10 12
7 17 26 27 10 12
7 17 27 38 10 12
5 7 14 15 10 12
5 7 15 26 10 12
2 3 5 7 10 12
3 14 5 7 10 12
5 14 15 19 10 12
5 15 26 19 10 12
10 19 26 27 29 12
10 19 27 38 29 12
10 14 15 19 29 12
10 15 26 19 29 12
10 19 29 38 39 12
10 19 29 39 50 12
10 17 19 26 27 12
10 17 19 27 38 12
10 14 15 17 19 12
10 15 26 17 19 12
10 17 26 27 31 12
10 17 27 38 31 12
0 7 9 16 11 14
0 7 16 21 23 14
0 9 16 19 23 14
0 4 9 7 11 14
0 7 11 21 28 14
0 7 11 16 21 14
0 11 19 21 28 14
0 11 19 28 33 14
0 9 16 11 19 14
0 4 9 11 19 14
0 11 21 28 31 14
0 11 16 21 19 14
0 2 7 9 16 11
0 2 7 16 21 23
0 2 9 16 19 23
0 2 4 9 7 11
0 2 7 11 21 28
0 2 7 11 16 21
0 2 11 19 21 28
0 2 11 19 28 33
0 2 9 16 11 19
0 2 4 9 11 19
0 2 11 21 28 31
0 2 11 16 21 19
19 21 28 23 26 24
19 28 33 35 26 24
9 16 19 23 14 12
4 9 7 11 14 12
19 23 33 40 26 24
19 23 28 33 26 24
11 19 21 28 14 12
11 19 28 33 14 12
9 16 11 19 14 12
4 9 11 19 14 12
11 21 28 31 14 12
11 16 21 19 14 12
2 7 9 16 11 12
2 7 16 21 23 12
2 9 16 19 23 12
2 4 9 7 11 12
2 7 11 21 28 12
2 7 11 16 21 12
2 11 19 21 28 12
2 11 19 28 33 12
2 9 16 11 19 12
2 4 9 11 19 12
2 11 21 28 31 12
2 11 16 21 19 12
0 7 15 26 17 10
0 7 14 15 17 10
0 3 14 7 17 10
0 2 3 7 17 10
0 7 17 27 38 10
0 7 17 26 27 10
0 5 7 15 26 10
0 5 7 14 15 10
0 3 14 5 7 10
0 2 3 5 7 10
0 5 15 26 19 10
0 5 14 15 19 10
0 10 19 27 38 29
0 10 19 26 27 29
0 10 15 26 19 29
0 10 14 15 19 29
0 10 19 29 39 50
0 10 19 29 38 39
0 10 17 19 27 38
0 10 17 19 26 27
0 10 15 26 17 19
0 10 14 15 17 19
0 10 17 27 38 31
0 10 17 26 27 31
7 15 26 17 10 12
7 14 15 17 10 12
3 14 7 17 10 12
2 3 7 17 10 12
7 17 27 38 10 12
7 17 26 27 10 12
5 7 15 26 10 12
5 7 14 15 10 12
3 14 5 7 10 12
2 3 5 7 10 12
5 15 26 19 10 12
5 14 15 19 10 12
10 19 27 38 29 12
10 19 26 27 29 12
10 15 26 19 29 12
10 14 15 19 29 12
10 19 29 39 50 12
10 19 29 38 39 12
10 17 19 27 38 12
10 17 19 26 27 12
10 15 26 17 19 12
10 14 15 17 19 12
10 17 27 38 31 12
10 17 26 27 31 12
0 11 19 28 33 14
0 11 19 21 28 14
0 7 11 16 21 14
0 7 11 21 28 14
0 11 16 21 19 14
0 11 21 28 31 14
0 4 9 11 19 14
0 9 16 11 19 14
0 7 16 21 23 14
0 7 9 16 11 14
0 4 9 7 11 14
0 9 16 19 23 14
0 2 11 19 28 33
0 2 11 19 21 28
0 2 7 11 16 21
0 2 7 11 21 28
0 2 11 16 21 19
0 2 11 21 28 31
0 2 4 9 11 19
0 2 9 16 11 19
0 2 7 16 21 23
0 2 7 9 16 11
0 2 4 9 7 11
0 2 9 16 19 23
11 19 28 33 14 12
11 19 21 28 14 12
19 23 28 33 26 24
19 23 33 40 26 24
11 16 21 19 14 12
11 21 28 31 14 12
4 9 11 19 14 12
9 16 11 19 14 12
19 28 33 35 26 24
19 21 28 23 26 24
4 9 7 11 14 12
9 16 19 23 14 12
2 11 19 28 33 12
2 11 19 21 28 12
2 7 11 16 21 12
2 7 11 21 28 12
2 11 16 21 19 12
2 11 21 28 31 12
2 4 9 11 19 12
2 9 16 11 19 12
2 7 16 21 23 12
2 7 9 16 11 12
2 4 9 7 11 12
2 9 16 19 23 12
0 5 7 14 15 10
0 5 7 15 26 10
0 7 17 26 27 10
0 7 17 27 38 10
0 5 14 15 19 10
0 5 15 26 19 10
0 2 3 5 7 10
0 3 14 5 7 10
0 7 14 15 17 10
0 7 15 26 17 10
0 2 3 7 17 10
0 3 14 7 17 10
0 10 17 19 26 27
0 10 17 19 27 38
0 10 19 29 38 39
0 10 19 29 39 50
0 10 17 26 27 31
0 10 17 27 38 31
0 10 14 15 17 19
0 10 15 26 17 19
0 10 19 26 27 29
0 10 19 27 38 29
0 10 14 15 19 29
0 10 15 26 19 29
5 7 14 15 10 12
5 7 15 26 10 12
7 17 26 27 10 12
7 17 27 38 10 12
5 14 15 19 10 12
5 15 26 19 10 12
2 3 5 7 10 12
3 14 5 7 10 12
7 14 15 17 10 12
7 15 26 17 10 12
2 3 7 17 10 12
3 14 7 17 10 12
10 17 19 26 27 12
10 17 19 27 38 12
10 19 29 38 39 12
10 19 29 39 50 12
10 17 26 27 31 12
10 17 27 38 31 12
10 14 15 17 19 12
10 15 26 17 19 12
10 19 26 27 29 12
10 19 27 38 29 12
10 14 15 19 29 12
10 15 26 19 29 12
0 11 19 21 28 14
0 11 19 28 33 14
0 7 11 21 28 14
0 7 11 16 21 14
0 11 21 28 31 14
0 11 16 21 19 14
0 9 16 11 19 14
0 4 9 11 19 14
0 7 9 16 11 14
0 7 16 21 23 14
0 9 16 19 23 14
0 4 9 7 11 14
0 2 11 19 21 28
0 2 11 19 28 33
0 2 7 11 21 28
0 2 7 11 16 21
0 2 11 21 28 31
0 2 11 16 21 19
0 2 9 16 11 19
0 2 4 9 11 19
0 2 7 9 16 11
0 2 7 16 21 23
0 2 9 16 19 23
0 2 4 9 7 11
11 19 21 28 14 12
11 19 28 33 14 12
19 23 33 40 26 24
19 23 28 33 26 24
11 21 28 31 14 12
11 16 21 19 14 12
9 16 11 19 14 12
4 9 11 19 14 12
19 21 28 23 26 24
19 28 33 35 26 24
9 16 19 23 14 12
4 9 7 11 14 12
2 11 19 21 28 12
2 11 19 28 33 12
2 7 11 21 28 12
2 7 11 16 21 12
2 11 21 28 31 12
2 11 16 21 19 12
2 9 16 11 19 12
2 4 9 11 19 12
2 7 9 16 11 12
2 7 16 21 23 12
2 9 16 19 23 12
2 4 9 7 11 12
0 5 7 15 26 10
0 5 7 14 15 10
0 7 17 27 38 10
0 7 17 26 27 10
0 5 15 26 19 10
0 5 14 15 19 10
0 3 14 5 7 10
0 2 3 5 7 10
0 7 15 26 17 10
0 7 14 15 17 10
0 3 14 7 17 10
0 2 3 7 17 10
0 10 17 19 27 38
0 10 17 19 26 27
0 10 19 29 39 50
0 10 19 29 38 39
0 10 17 27 38 31
0 10 17 26 27 31
0 10 15 26 17 19
0 10 14 15 17 19
0 10 19 27 38 29
0 10 19 26 27 29
0 10 15 26 19 29
0 10 14 15 19 29
5 7 15 26 10 12
5 7 14 15 10 12
7 17 27 38 10 12
7 17 26 27 10 12
5 15 26 19 10 12
5 14 15 19 10 12
3 14 5 7 10 12
2 3 5 7 10 12
7 15 26 17 10 12
7 14 15 17 10 12
3 14 7 17 10 12
2 3 7 17 10 12
10 17 19 27 38 12
10 17 19 26 27 12
10 19 29 39 50 12
10 19 29 38 39 12
10 17 27 38 31 12
10 17 26 27 31 12
10 15 26 17 19 12
10 14 15 17 19 12
10 19 27 38 29 12
10 19 26 27 29 12
10 15 26 19 29 12
10 14 15 19 29 12
0 7 11 16 21 14
0 7 11 21 28 14
0 11 19 28 33 14
0 11 19 21 28 14
0 7 16 21 23 14
0 7 9 16 11 14
0 4 9 7 11 14
0 9 16 19 23 14
0 11 16 21 19 14
0 11 21 28 31 14
0 4 9 11 19 14
0 9 16 11 19 14
0 2 7 11 16 21
0 2 7 11 21 28
0 2 11 19 28 33
0 2 11 19 21 28
0 2 7 16 21 23
0 2 7 9 16 11
0 2 4 9 7 11
0 2 9 16 19 23
0 2 11 16 21 19
0 2 11 21 28 31
0 2 4 9 11 19
0 2 9 16 11 19
19 23 28 33 26 24
19 23 33 40 26 24
11 19 28 33 14 12
11 19 21 28 14 12
19 28 33 35 26 24
19 21 28 23 26 24
4 9 7 11 14 12
9 16 19 23 14 12
11 16 21 19 14 12
11 21 28 31 14 12
4 9 11 19 14 12
9 16 11 19 14 12
2 7 11 16 21 12
2 7 11 21 28 12
2 11 19 28 33 12
2 11 19 21 28 12
2 7 16 21 23 12
2 7 9 16 11 12
2 4 9 7 11 12
2 9 16 19 23 12
2 11 16 21 19 12
2 11 21 28 31 12
2 4 9 11 19 12
2 9 16 11 19 12
0 7 17 26 27 10
0 7 17 27 38 10
0 5 7 14 15 10
0 5 7 15 26 10
0 7 14 15 17 10
0 7 15 26 17 10
0 2 3 7 17 10
0 3 14 7 17 10
0 5 14 15 19 10
0 5 15 26 19 10
0 2 3 5 7 10
0 3 14 5 7 10
0 10 19 29 38 39
0 10 19 29 39 50
0 10 17 19 26 27
0 10 17 19 27 38
0 10 19 26 27 29
0 10 19 27 38 29
0 10 14 15 19 29
0 10 15 26 19 29
0 10 17 26 27 31
0 10 17 27 38 31
0 10 14 15 17 19
0 10 15 26 17 19
7 17 26 27 10 12
7 17 27 38 10 12
5 7 14 15 10 12
5 7 15 26 10 12
7 14 15 17 10 12
7 15 26 17 10 12
2 3 7 17 10 12
3 14 7 17 10 12
5 14 15 19 10 12
5 15 26 19 10 12
2 3 5 7 10 12
3 14 5 7 10 12
10 19 29 38 39 12
10 19 29 39 50 12
10 17 19 26 27 12
10 17 19 27 38 12
10 19 26 27 29 12
10 19 27 38 29 12
10 14 15 19 29 12
10 15 26 19 29 12
10 17 26 27 31 12
10 17 27 38 31 12
10 14 15 17 19 12
10 15 26 17 19 12
0 7 11 21 28 14
0 7 11 16 21 14
0 11 19 21 28 14
0 11 19 28 33 14
0 7 9 16 11 14
0 7 16 21 23 14
0 9 16 19 23 14
0 4 9 7 11 14
0 11 21 28 31 14
0 11 16 21 19 14
0 9 16 11 19 14
0 4 9 11 19 14
0 2 7 11 21 28
0 2 7 11 16 21
0 2 11 19 21 28
0 2 11 19 28 33
0 2 7 9 16 11
0 2 7 16 21 23
0 2 9 16 19 23
0 2 4 9 7 11
0 2 11 21 28 31
0 2 11 16 21 19
0 2 9 16 11 19
0 2 4 9 11 19
19 23 33 40 26 24
19 23 28 33 26 24
11 19 21 28 14 12
11 19 28 33 14 12
19 21 28 23 26 24
19 28 33 35 26 24
9 16 19 23 14 12
4 9 7 11 14 12
11 21 28 31 14 12
11 16 21 19 14 12
9 16 11 19 14 12
4 9 11 19 14 12
2 7 11 21 28 12
2 7 11 16 21 12
2 11 19 21 28 12
2 11 19 28 33 12
2 7 9 16 11 12
2 7 16 21 23 12
2 9 16 19 23 12
2 4 9 7 11 12
2 11 21 28 31 12
2 11 16 21 19 12
2 9 16 11 19 12
2 4 9 11 19 12
0 7 17 27 38 10
0 7 17 26 27 10
0 5 7 15 26 10
0 5 7 14 15 10
0 7 15 26 17 10
0 7 14 15 17 10
0 3 14 7 17 10
0 2 3 7 17 10
0 5 15 26 19 10
0 5 14 15 19 10
0 3 14 5 7 10
0 2 3 5 7 10
0 10 19 29 39 50
0 10 19 29 38 39
0 10 17 19 27 38
0 10 17 19 26 27
0 10 19 27 38 29
0 10 19 26 27 29
0 10 15 26 19 29
0 10 14 15 19 29
0 10 17 27 38 31
0 10 17 26 27 31
0 10 15 26 17 19
0 10 14 15 17 19
7 17 27 38 10 12
7 17 26 27 10 12
5 7 15 26 10 12
5 7 14 15 10 12
7 15 26 17 10 12
7 14 15 17 10 12
3 14 7 17 10 12
2 3 7 17 10 12
5 15 26 19 10 12
5 14 15 19 10 12
3 14 5 7 10 12
2 3 5 7 10 12
10 19 29 39 50 12
10 19 29 38 39 12
10 17 19 27 38 12
10 17 19 26 27 12
10 19 27 38 29 12
10 19 26 27 29 12
10 15 26 19 29 12
10 14 15 19 29 12
10 17 27 38 31 12
10 17 26 27 31 12
10 15 26 17 19 12
10 14 15 17 19 12
2 4 9 11 19 12
2 9 16 11 19 12
2 11 16 21 19 12
2 11 21 28 31 12
2 4 9 7 11 12
2 9 16 19 23 12
2 7 16 21 23 12
2 7 9 16 11 12
2 11 19 28 33 12
2 11 19 21 28 12
2 7 11 16 21 12
2 7 11 21 28 12
4 9 11 19 14 12
9 16 11 19 14 12
11 16 21 19 14 12
11 21 28 31 14 12
4 9 7 11 14 12
9 16 19 23 14 12
19 28 33 35 26 24
19 21 28 23 26 24
11 19 28 33 14 12
11 19 21 28 14 12
19 23 28 33 26 24
19 23 33 40 26 24
0 2 4 9 11 19
0 2 9 16 11 19
0 2 11 16 21 19
0 2 11 21 28 31
0 2 4 9 7 11
0 2 9 16 19 23
0 2 7 16 21 23
0 2 7 9 16 11
0 2 11 19 28 33
0 2 11 19 21 28
0 2 7 11 16 21
0 2 7 11 21 28
0 4 9 11 19 14
0 9 16 11 19 14
0 11 16 21 19 14
0 11 21 28 31 14
0 4 9 7 11 14
0 9 16 19 23 14
0 7 16 21 23 14
0 7 9 16 11 14
0 11 19 28 33 14
0 11 19 21 28 14
0 7 11 16 21 14
0 7 11 21 28 14
10 14 15 17 19 12
10 15 26 17 19 12
10 17 26 27 31 12
10 17 27 38 31 12
10 14 15 19 29 12
10 15 26 19 29 12
10 19 26 27 29 12
10 19 27 38 29 12
10 17 19 26 27 12
10 17 19 27 38 12
10 19 29 38 39 12
10 19 29 39 50 12
2 3 5 7 10 12
3 14 5 7 10 12
5 14 15 19 10 12
5 15 26 19 10 12
2 3 7 17 10 12
3 14 7 17 10 12
7 14 15 17 10 12
7 15 26 17 10 12
5 7 14 15 10 12
5 7 15 26 10 12
7 17 26 27 10 12
7 17 27 38 10 12
0 10 14 15 17 19
0 10 15 26 17 19
0 10 17 26 27 31
0 10 17 27 38 31
0 10 14 15 19 29
0 10 15 26 19 29
0 10 19 26 27 29
0 10 19 27 38 29
0 10 17 19 26 27
0 10 17 19 27 38
0 10 19 29 38 39
0 10 19 29 39 50
0 2 3 5 7 10
0 3 14 5 7 10
0 5 14 15 19 10
0 5 15 26 19 10
0 2 3 7 17 10
0 3 14 7 17 10
0 7 14 15 17 10
0 7 15 26 17 10
0 5 7 14 15 10
0 5 7 15 26 10
0 7 17 26 27 10
0 7 17 27 38 10
2 9 16 11 19 12
2 4 9 11 19 12
2 11 21 28 31 12
2 11 16 21 19 12
2 9 16 19 23 12
2 4 9 7 11 12
2 7 9 16 11 12
2 7 16 21 23 12
2 11 19 21 28 12
2 11 19 28 33 12
2 7 11 21 28 12
2 7 11 16 21 12
9 16 11 19 14 12
4 9 11 19 14 12
11 21 28 31 14 12
11 16 21 19 14 12
9 16 19 23 14 12
4 9 7 11 14 12
19 21 28 23 26 24
19 28 33 35 26 24
11 19 21 28 14 12
11 19 28 33 14 12
19 23 33 40 26 24
19 23 28 33 26 24
0 2 9 16 11 19
0 2 4 9 11 19
0 2 11 21 28 31
0 2 11 16 21 19
0 2 9 16 19 23
0 2 4 9 7 11
0 2 7 9 16 11
0 2 7 16 21 23
0 2 11 19 21 28
0 2 11 19 28 33
0 2 7 11 21 28
0 2 7 11 16 21
0 9 16 11 19 14
0 4 9 11 19 14
0 11 21 28 31 14
0 11 16 21 19 14
0 9 16 19 23 14
0 4 9 7 11 14
0 7 9 16 11 14
0 7 16 21 23 14
0 11 19 21 28 14
0 11 19 28 33 14
0 7 11 21 28 14
0 7 11 16 21 14
10 15 26 17 19 12
10 14 15 17 19 12
10 17 27 38 31 12
10 17 26 27 31 12
10 15 26 19 29 12
10 14 15 19 29 12
10 19 27 38 29 12
10 19 26 27 29 12
10 17 19 27 38 12
10 17 19 26 27 12
10 19 29 39 50 12
10 19 29 38 39 12
3 14 5 7 10 12
2 3 5 7 10 12
5 15 26 19 10 12
5 14 15 19 10 12
3 14 7 17 10 12
2 3 7 17 10 12
7 15 26 17 10 12
7 14 15 17 10 12
5 7 15 26 10 12
5 7 14 15 10 12
7 17 27 38 10 12
7 17 26 27 10 12
0 10 15 26 17 19
0 10 14 15 17 19
0 10 17 27 38 31
0 10 17 26 27 31
0 10 15 26 19 29
0 10 14 15 19 29
0 10 19 27 38 29
0 10 19 26 27 29
0 10 17 19 27 38
0 10 17 19 26 27
0 10 19 29 39 50
0 10 19 29 38 39
0 3 14 5 7 10
0 2 3 5 7 10
0 5 15 26 19 10
0 5 14 15 19 10
0 3 14 7 17 10
0 2 3 7 17 10
0 7 15 26 17 10
0 7 14 15 17 10
0 5 7 15 26 10
0 5 7 14 15 10
0 7 17 27 38 10
0 7 17 26 27 10
2 11 16 21 19 12
2 11 21 28 31 12
2 4 9 11 19 12
2 9 16 11 19 12
2 11 19 28 33 12
2 11 19 21 28 12
2 7 11 16 21 12
2 7 11 21 28 12
2 4 9 7 11 12
2 9 16 19 23 12
2 7 16 21 23 12
2 7 9 16 11 12
11 16 21 19 14 12
11 21 28 31 14 12
4 9 11 19 14 12
9 16 11 19 14 12
11 19 28 33 14 12
11 19 21 28 14 12
19 23 28 33 26 24
19 23 33 40 26 24
4 9 7 11 14 12
9 16 19 23 14 12
19 28 33 35 26 24
19 21 28 23 26 24
0 2 11 16 21 19
0 2 11 21 28 31
0 2 4 9 11 19
0 2 9 16 11 19
0 2 11 19 28 33
0 2 11 19 21 28
0 2 7 11 16 21
0 2 7 11 21 28
0 2 4 9 7 11
0 2 9 16 19 23
0 2 7 16 21 23
0 2 7 9 16 11
0 11 16 21 19 14
0 11 21 28 31 14
0 4 9 11 19 14
0 9 16 11 19 14
0 11 19 28 33 14
0 11 19 21 28 14
0 7 11 16 21 14
0 7 11 21 28 14
0 4 9 7 11 14
0 9 16 19 23 14
0 7 16 21 23 14
0 7 9 16 11 14
10 17 26 27 31 12
10 17 27 38 31 12
10 14 15 17 19 12
10 15 26 17 19 12
10 17 19 26 27 12
10 17 19 27 38 12
10 19 29 38 39 12
10 19 29 39 50 12
10 14 15 19 29 12
10 15 26 19 29 12
10 19 26 27 29 12
10 19 27 38 29 12
5 14 15 19 10 12
5 15 26 19 10 12
2 3 5 7 10 12
3 14 5 7 10 12
5 7 14 15 10 12
5 7 15 26 10 12
7 17 26 27 10 12
7 17 27 38 10 12
2 3 7 17 10 12
3 14 7 17 10 12
7 14 15 17 10 12
7 15 26 17 10 12
0 10 17 26 27 31
0 10 17 27 38 31
0 10 14 15 17 19
0 10 15 26 17 19
0 10 17 19 26 27
0 10 17 19 27 38
0 10 19 29 38 39
0 10 19 29 39 50
0 10 14 15 19 29
0 10 15 26 19 29
0 10 19 26 27 29
0 10 19 27 38 29
0 5 14 15 19 10
0 5 15 26 19 10
0 2 3 5 7 10
0 3 14 5 7 10
0 5 7 14 15 10
0 5 7 15 26 10
0 7 17 26 27 10
0 7 17 27 38 10
0 2 3 7 17 10
0 3 14 7 17 10
0 7 14 15 17 10
0 7 15 26 17 10
2 11 21 28 31 12
2 11 16 21 19 12
2 9 16 11 19 12
2 4 9 11 19 12
2 11 19 21 28 12
2 11 19 28 33 12
2 7 11 21 28 12
2 7 11 16 21 12
2 9 16 19 23 12
2 4 9 7 11 12
2 7 9 16 11 12
2 7 16 21 23 12
11 21 28 31 14 12
11 16 21 19 14 12
9 16 11 19 14 12
4 9 11 19 14 12
11 19 21 28 14 12
11 19 28 33 14 12
19 23 33 40 26 24
19 23 28 33 26 24
9 16 19 23 14 12
4 9 7 11 14 12
19 21 28 23 26 24
19 28 33 35 26 24
0 2 11 21 28 31
0 2 11 16 21 19
0 2 9 16 11 19
0 2 4 9 11 19
0 2 11 19 21 28
0 2 11 19 28 33
0 2 7 11 21 28
0 2 7 11 16 21
0 2 9 16 19 23
0 2 4 9 7 11
0 2 7 9 16 11
0 2 7 16 21 23
0 11 21 28 31 14
0 11 16 21 19 14
0 9 16 11 19 14
0 4 9 11 19 14
0 11 19 21 28 14
0 11 19 28 33 14
0 7 11 21 28 14
0 7 11 16 21 14
0 9 16 19 23 14
0 4 9 7 11 14
0 7 9 16 11 14
0 7 16 21 23 14
10 17 27 38 31 12
10 17 26 27 31 12
10 15 26 17 19 12
10 14 15 17 19 12
10 17 19 27 38 12
10 17 19 26 27 12
10 19 29 39 50 12
10 19 29 38 39 12
10 15 26 19 29 12
10 14 15 19 29 12
10 19 27 38 29 12
10 19 26 27 29 12
5 15 26 19 10 12
5 14 15 19 10 12
3 14 5 7 10 12
2 3 5 7 10 12
5 7 15 26 10 12
5 7 14 15 10 12
7 17 27 38 10 12
7 17 26 27 10 12
3 14 7 17 10 12
2 3 7 17 10 12
7 15 26 17 10 12
7 14 15 17 10 12
0 10 17 27 38 31
0 10 17 26 27 31
0 10 15 26 17 19
0 10 14 15 17 19
0 10 17 19 27 38
0 10 17 19 26 27
0 10 19 29 39 50
0 10 19 29 38 39
0 10 15 26 19 29
0 10 14 15 19 29
0 10 19 27 38 29
0 10 19 26 27 29
0 5 15 26 19 10
0 5 14 15 19 10
0 3 14 5 7 10
0 2 3 5 7 10
0 5 7 15 26 10
0 5 7 14 15 10
0 7 17 27 38 10
0 7 17 26 27 10
0 3 14 7 17 10
0 2 3 7 17 10
0 7 15 26 17 10
0 7 14 15 17 10
2 4 9 7 11 12
2 9 16 19 23 12
2 7 16 21 23 12
2 7 9 16 11 12
2 4 9 11 19 12
2 9 16 11 19 12
2 11 16 21 19 12
2 11 21 28 31 12
2 7 11 16 21 12
2 7 11 21 28 12
2 11 19 28 33 12
2 11 19 21 28 12
4 9 7 11 14 12
9 16 19 23 14 12
19 28 33 35 26 24
19 21 28 23 26 24
4 9 11 19 14 12
9 16 11 19 14 12
11 16 21 19 14 12
11 21 28 31 14 12
19 23 28 33 26 24
19 23 33 40 26 24
11 19 28 33 14 12
11 19 21 28 14 12
0 2 4 9 7 11
0 2 9 16 19 23
0 2 7 16 21 23
0 2 7 9 16 11
0 2 4 9 11 19
0 2 9 16 11 19
0 2 11 16 21 19
0 2 11 21 28 31
0 2 7 11 16 21
0 2 7 11 21 28
0 2 11 19 28 33
0 2 11 19 21 28
0 4 9 7 11 14
0 9 16 19 23 14
0 7 16 21 23 14
0 7 9 16 11 14
0 4 9 11 19 14
0 9 16 11 19 14
0 11 16 21 19 14
0 11 21 28 31 14
0 7 11 16 21 14
0 7 11 21 28 14
0 11 19 28 33 14
0 11 19 21 28 14
10 14 15 19 29 12
10 15 26 19 29 12
10 19 26 27 29 12
10 19 27 38 29 12
10 14 15 17 19 12
10 15 26 17 19 12
10 17 26 27 31 12
10 17 27 38 31 12
10 19 29 38 39 12
10 19 29 39 50 12
10 17 19 26 27 12
10 17 19 27 38 12
2 3 7 17 10 12
3 14 7 17 10 12
7 14 15 17 10 12
7 15 26 17 10 12
2 3 5 7 10 12
3 14 5 7 10 12
5 14 15 19 10 12
5 15 26 19 10 12
7 17 26 27 10 12
7 17 27 38 10 12
5 7 14 15 10 12
5 7 15 26 10 12
0 10 14 15 19 29
0 10 15 26 19 29
0 10 19 26 27 29
0 10 19 27 38 29
0 10 14 15 17 19
0 10 15 26 17 19
0 10 17 26 27 31
0 10 17 27 38 31
0 10 19 29 38 39
0 10 19 29 39 50
0 10 17 19 26 27
0 10 17 19 27 38
0 2 3 7 17 10
0 3 14 7 17 10
0 7 14 15 17 10
0 7 15 26 17 10
0 2 3 5 7 10
0 3 14 5 7 10
0 5 14 15 19 10
0 5 15 26 19 10
0 7 17 26 27 10
0 7 17 27 38 10
0 5 7 14 15 10
0 5 7 15 26 10
2 9 16 19 23 12
2 4 9 7 11 12
2 7 9 16 11 12
2 7 16 21 23 12
2 9 16 11 19 12
2 4 9 11 19 12
2 11 21 28 31 12
2 11 16 21 19 12
2 7 11 21 28 12
2 7 11 16 21 12
2 11 19 21 28 12
2 11 19 28 33 12
9 16 19 23 14 12
4 9 7 11 14 12
19 21 28 23 26 24
19 28 33 35 26 24
9 16 11 19 14 12
4 9 11 19 14 12
11 21 28 31 14 12
11 16 21 19 14 12
19 23 33 40 26 24
19 23 28 33 26 24
11 19 21 28 14 12
11 19 28 33 14 12
0 2 9 16 19 23
0 2 4 9 7 11
0 2 7 9 16 11
0 2 7 16 21 23
0 2 9 16 11 19
0 2 4 9 11 19
0 2 11 21 28 31
0 2 11 16 21 19
0 2 7 11 21 28
0 2 7 11 16 21
0 2 11 19 21 28
0 2 11 19 28 33
0 9 16 19 23 14
0 4 9 7 11 14
0 7 9 16 11 14
0 7 16 21 23 14
0 9 16 11 19 14
0 4 9 11 19 14
0 11 21 28 31 14
0 11 16 21 19 14
0 7 11 21 28 14
0 7 11 16 21 14
0 11 19 21 28 14
0 11 19 28 33 14
10 15 26 19 29 12
10 14 15 19 29 12
10 19 27 38 29 12
10 19 26 27 29 12
10 15 26 17 19 12
10 14 15 17 19 12
10 17 27 38 31 12
10 17 26 27 31 12
10 19 29 39 50 12
10 19 29 38 39 12
10 17 19 27 38 12
10 17 19 26 27 12
3 14 7 17 10 12
2 3 7 17 10 12
7 15 26 17 10 12
7 14 15 17 10 12
3 14 5 7 10 12
2 3 5 7 10 12
5 15 26 19 10 12
5 14 15 19 10 12
7 17 27 38 10 12
7 17 26 27 10 12
5 7 15 26 10 12
5 7 14 15 10 12
0 10 15 26 19 29
0 10 14 15 19 29
0 10 19 27 38 29
0 10 19 26 27 29
0 10 15 26 17 19
0 10 14 15 17 19
0 10 17 27 38 31
0 10 17 26 27 31
0 10 19 29 39 50
0 10 19 29 38 39
0 10 17 19 27 38
0 10 17 19 26 27
0 3 14 7 17 10
0 2 3 7 17 10
0 7 15 26 17 10
0 7 14 15 17 10
0 3 14 5 7 10
0 2 3 5 7 10
0 5 15 26 19 10
0 5 14 15 19 10
0 7 17 27 38 10
0 7 17 26 27 10
0 5 7 15 26 10
0 5 7 14 15 10
2 7 16 21 23 12
2 7 9 16 11 12
2 4 9 7 11 12
2 9 16 19 23 12
2 7 11 16 21 12
2 7 11 21 28 12
2 11 19 28 33 12
2 11 19 21 28 12
2 4 9 11 19 12
2 9 16 11 19 12
2 11 16 21 19 12
2 11 21 28 31 12
19 28 33 35 26 24
19 21 28 23 26 24
4 9 7 11 14 12
9 16 19 23 14 12
19 23 28 33 26 24
19 23 33 40 26 24
11 19 28 33 14 12
11 19 21 28 14 12
4 9 11 19 14 12
9 16 11 19 14 12
11 16 21 19 14 12
11 21 28 31 14 12
0 2 7 16 21 23
0 2 7 9 16 11
0 2 4 9 7 11
0 2 9 16 19 23
0 2 7 11 16 21
0 2 7 11 21 28
0 2 11 19 28 33
0 2 11 19 21 28
0 2 4 9 11 19
0 2 9 16 11 19
0 2 11 16 21 19
0 2 11 21 28 31
0 7 16 21 23 14
0 7 9 16 11 14
0 4 9 7 11 14
0 9 16 19 23 14
0 7 11 16 21 14
0 7 11 21 28 14
0 11 19 28 33 14
0 11 19 21 28 14
0 4 9 11 19 14
0 9 16 11 19 14
0 11 16 21 19 14
0 11 21 28 31 14
10 19 26 27 29 12
10 19 27 38 29 12
10 14 15 19 29 12
10 15 26 19 29 12
10 19 29 38 39 12
10 19 29 39 50 12
10 17 19 26 27 12
10 17 19 27 38 12
10 14 15 17 19 12
10 15 26 17 19 12
10 17 26 27 31 12
10 17 27 38 31 12
7 14 15 17 10 12
7 15 26 17 10 12
2 3 7 17 10 12
3 14 7 17 10 12
7 17 26 27 10 12
7 17 27 38 10 12
5 7 14 15 10 12
5 7 15 26 10 12
2 3 5 7 10 12
3 14 5 7 10 12
5 14 15 19 10 12
5 15 26 19 10 12
0 10 19 26 27 29
0 10 19 27 38 29
0 10 14 15 19 29
0 10 15 26 19 29
0 10 19 29 38 39
0 10 19 29 39 50
0 10 17 19 26 27
0 10 17 19 27 38
0 10 14 15 17 19
0 10 15 26 17 19
0 10 17 26 27 31
0 10 17 27 38 31
0 7 14 15 17 10
0 7 15 26 17 10
0 2 3 7 17 10
0 3 14 7 17 10
0 7 17 26 27 10
0 7 17 27 38 10
0 5 7 14 15 10
0 5 7 15 26 10
0 2 3 5 7 10
0 3 14 5 7 10
0 5 14 15 19 10
0 5 15 26 19 10
2 7 9 16 11 12
2 7 16 21 23 12
2 9 16 19 23 12
2 4 9 7 11 12
2 7 11 21 28 12
2 7 11 16 21 12
2 11 19 21 28 12
2 11 19 28 33 12
2 9 16 11 19 12
2 4 9 11 19 12
2 11 21 28 31 12
2 11 16 21 19 12
19 21 28 23 26 24
19 28 33 35 26 24
9 16 19 23 14 12
4 9 7 11 14 12
19 23 33 40 26 24
19 23 28 33 26 24
11 19 21 28 14 12
11 19 28 33 14 12
9 16 11 19 14 12
4 9 11 19 14 12
11 21 28 31 14 12
11 16 21 19 14 12
0 2 7 9 16 11
0 2 7 16 21 23
0 2 9 16 19 23
0 2 4 9 7 11
0 2 7 11 21 28
0 2 7 11 16 21
0 2 11 19 21 28
0 2 11 19 28 33
0 2 9 16 11 19
0 2 4 9 11 19
0 2 11 21 28 31
0 2 11 16 21 19
0 7 9 16 11 14
0 7 16 21 23 14
0 9 16 19 23 14
0 4 9 7 11 14
0 7 11 21 28 14
0 7 11 16 21 14
0 11 19 21 28 14
0 11 19 28 33 14
0 9 16 11 19 14
0 4 9 11 19 14
0 11 21 28 31 14
0 11 16 21 19 14
10 19 27 38 29 12
10 19 26 27 29 12
10 15 26 19 29 12
10 14 15 19 29 12
10 19 29 39 50 12
10 19 29 38 39 12
10 17 19 27 38 12
10 17 19 26 27 12
10 15 26 17 19 12
10 14 15 17 19 12
10 17 27 38 31 12
10 17 26 27 31 12
7 15 26 17 10 12
7 14 15 17 10 12
3 14 7 17 10 12
2 3 7 17 10 12
7 17 27 38 10 12
7 17 26 27 10 12
5 7 15 26 10 12
5 7 14 15 10 12
3 14 5 7 10 12
2 3 5 7 10 12
5 15 26 19 10 12
5 14 15 19 10 12
0 10 19 27 38 29
0 10 19 26 27 29
0 10 15 26 19 29
0 10 14 15 19 29
0 10 19 29 39 50
0 10 19 29 38 39
0 10 17 19 27 38
0 10 17 19 26 27
0 10 15 26 17 19
0 10 14 15 17 19
0 10 17 27 38 31
0 10 17 26 27 31
0 7 15 26 17 10
0 7 14 15 17 10
0 3 14 7 17 10
0 2 3 7 17 10
0 7 17 27 38 10
0 7 17 26 27 10
0 5 7 15 26 10
0 5 7 14 15 10
0 3 14 5 7 10
0 2 3 5 7 10
0 5 15 26 19 10
0 5 14 15 19 10
2 11 19 28 33 12
2 11 19 21 28 12
2 7 11 16 21 12
2 7 11 21 28 12
2 11 16 21 19 12
2 11 21 28 31 12
2 4 9 11 19 12
2 9 16 11 19 12
2 7 16 21 23 12
2 7 9 16 11 12
2 4 9 7 11 12
2 9 16 19 23 12
11 19 28 33 14 12
11 19 21 28 14 12
19 23 28 33 26 24
19 23 33 40 26 24
11 16 21 19 14 12
11 21 28 31 14 12
4 9 11 19 14 12
9 16 11 19 14 12
19 28 33 35 26 24
19 21 28 23 26 24
4 9 7 11 14 12
9 16 19 23 14 12
0 2 11 19 28 33
0 2 11 19 21 28
0 2 7 11 16 21
0 2 7 11 21 28
0 2 11 16 21 19
0 2 11 21 28 31
0 2 4 9 11 19
0 2 9 16 11 19
0 2 7 16 21 23
0 2 7 9 16 11
0 2 4 9 7 11
0 2 9 16 19 23
0 11 19 28 33 14
0 11 19 21 28 14
0 7 11 16 21 14
0 7 11 21 28 14
0 11 16 21 19 14
0 11 21 28 31 14
0 4 9 11 19 14
0 9 16 11 19 14
0 7 16 21 23 14
0 7 9 16 11 14
0 4 9 7 11 14
0 9 16 19 23 14
10 17 19 26 27 12
10 17 19 27 38 12
10 19 29 38 39 12
10 19 29 39 50 12
10 17 26 27 31 12
10 17 27 38 31 12
10 14 15 17 19 12
10 15 26 17 19 12
10 19 26 27 29 12
10 19 27 38 29 12
10 14 15 19 29 12
10 15 26 19 29 12
5 7 14 15 10 12
5 7 15 26 10 12
7 17 26 27 10 12
7 17 27 38 10 12
5 14 15 19 10 12
5 15 26 19 10 12
2 3 5 7 10 12
3 14 5 7 10 12
7 14 15 17 10 12
7 15 26 17 10 12
2 3 7 17 10 12
3 14 7 17 10 12
0 10 17 19 26 27
0 10 17 19 27 38
0 10 19 29 38 39
0 10 19 29 39 50
0 10 17 26 27 31
0 10 17 27 38 31
0 10 14 15 17 19
0 10 15 26 17 19
0 10 19 26 27 29
0 10 19 27 38 29
0 10 14 15 19 29
0 10 15 26 19 29
0 5 7 14 15 10
0 5 7 15 26 10
0 7 17 26 27 10
0 7 17 27 38 10
0 5 14 15 19 10
0 5 15 26 19 10
0 2 3 5 7 10
0 3 14 5 7 10
0 7 14 15 17 10
0 7 15 26 17 10
0 2 3 7 17 10
0 3 14 7 17 10
2 11 19 21 28 12
2 11 19 28 33 12
2 7 11 21 28 12
2 7 11 16 21 12
2 11 21 28 31 12
2 11 16 21 19 12
2 9 16 11 19 12
2 4 9 11 19 12
2 7 9 16 11 12
2 7 16 21 23 12
2 9 16 19 23 12
2 4 9 7 11 12
11 19 21 28 14 12
11 19 28 33 14 12
19 23 33 40 26 24
19 23 28 33 26 24
11 21 28 31 14 12
11 16 21 19 14 12
9 16 11 19 14 12
4 9 11 19 14 12
19 21 28 23 26 24
19 28 33 35 26 24
9 16 19 23 14 12
4 9 7 11 14 12
0 2 11 19 21 28
0 2 11 19 28 33
0 2 7 11 21 28
0 2 7 11 16 21
0 2 11 21 28 31
0 2 11 16 21 19
0 2 9 16 11 19
0 2 4 9 11 19
0 2 7 9 16 11
0 2 7 16 21 23
0 2 9 16 19 23
0 2 4 9 7 11
0 11 19 21 28 14
0 11 19 28 33 14
0 7 11 21 28 14
0 7 11 16 21 14
0 11 21 28 31 14
0 11 16 21 19 14
0 9 16 11 19 14
0 4 9 11 19 14
0 7 9 16 11 14
0 7 16 21 23 14
0 9 16 19 23 14
0 4 9 7 11 14
10 17 19 27 38 12
10 17 19 26 27 12
10 19 29 39 50 12
10 19 29 38 39 12
10 17 27 38 31 12
10 17 26 27 31 12
10 15 26 17 19 12
10 14 15 17 19 12
10 19 27 38 29 12
10 19 26 27 29 12
10 15 26 19 29 12
10 14 15 19 29 12
5 7 15 26 10 12
5 7 14 15 10 12
7 17 27 38 10 12
7 17 26 27 10 12
5 15 26 19 10 12
5 14 15 19 10 12
3 14 5 7 10 12
2 3 5 7 10 12
7 15 26 17 10 12
7 14 15 17 10 12
3 14 7 17 10 12
2 3 7 17 10 12
0 10 17 19 27 38
0 10 17 19 26 27
0 10 19 29 39 50
0 10 19 29 38 39
0 10 17 27 38 31
0 10 17 26 27 31
0 10 15 26 17 19
0 10 14 15 17 19
0 10 19 27 38 29
0 10 19 26 27 29
0 10 15 26 19 29
0 10 14 15 19 29
0 5 7 15 26 10
0 5 7 14 15 10
0 7 17 27 38 10
0 7 17 26 27 10
0 5 15 26 19 10
0 5 14 15 19 10
0 3 14 5 7 10
0 2 3 5 7 10
0 7 15 26 17 10
0 7 14 15 17 10
0 3 14 7 17 10
0 2 3 7 17 10
2 7 11 16 21 12
2 7 11 21 28 12
2 11 19 28 33 12
2 11 19 21 28 12
2 7 16 21 23 12
2 7 9 16 11 12
2 4 9 7 11 12
2 9 16 19 23 12
2 11 16 21 19 12
2 11 21 28 31 12
2 4 9 11 19 12
2 9 16 11 19 12
19 23 28 33 26 24
19 23 33 40 26 24
11 19 28 33 14 12
11 19 21 28 14 12
19 28 33 35 26 24
19 21 28 23 26 24
4 9 7 11 14 12
9 16 19 23 14 12
11 16 21 19 14 12
11 21 28 31 14 12
4 9 11 19 14 12
9 16 11 19 14 12
0 2 7 11 16 21
0 2 7 11 21 28
0 2 11 19 28 33
0 2 11 19 21 28
0 2 7 16 21 23
0 2 7 9 16 11
0 2 4 9 7 11
0 2 9 16 19 23
0 2 11 16 21 19
0 2 11 21 28 31
0 2 4 9 11 19
0 2 9 16 11 19
0 7 11 16 21 14
0 7 11 21 28 14
0 11 19 28 33 14
0 11 19 21 28 14
0 7 16 21 23 14
0 7 9 16 11 14
0 4 9 7 11 14
0 9 16 19 23 14
0 11 16 21 19 14
0 11 21 28 31 14
0 4 9 11 19 14
0 9 16 11 19 14
10 19 29 38 39 12
10 19 29 39 50 12
10 17 19 26 27 12
10 17 19 27 38 12
10 19 26 27 29 12
10 19 27 38 29 12
10 14 15 19 29 12
10 15 26 19 29 12
10 17 26 27 31 12
10 17 27 38 31 12
10 14 15 17 19 12
10 15 26 17 19 12
7 17 26 27 10 12
7 17 27 38 10 12
5 7 14 15 10 12
5 7 15 26 10 12
7 14 15 17 10 12
7 15 26 17 10 12
2 3 7 17 10 12
3 14 7 17 10 12
5 14 15 19 10 12
5 15 26 19 10 12
2 3 5 7 10 12
3 14 5 7 10 12
0 10 19 29 38 39
0 10 19 29 39 50
0 10 17 19 26 27
0 10 17 19 27 38
0 10 19 26 27 29
0 10 19 27 38 29
0 10 14 15 19 29
0 10 15 26 19 29
0 10 17 26 27 31
0 10 17 27 38 31
0 10 14 15 17 19
0 10 15 26 17 19
0 7 17 26 27 10
0 7 17 27 38 10
0 5 7 14 15 10
0 5 7 15 26 10
0 7 14 15 17 10
0 7 15 26 17 10
0 2 3 7 17 10
0 3 14 7 17 10
0 5 14 15 19 10
0 5 15 26 19 10
0 2 3 5 7 10
0 3 14 5 7 10
2 7 11 21 28 12
2 7 11 16 21 12
2 11 19 21 28 12
2 11 19 28 33 12
2 7 9 16 11 12
2 7 16 21 23 12
2 9 16 19 23 12
2 4 9 7 11 12
2 11 21 28 31 12
2 11 16 21 19 12
2 9 16 11 19 12
2 4 9 11 19 12
19 23 33 40 26 24
19 23 28 33 26 24
11 19 21 28 14 12
11 19 28 33 14 12
19 21 28 23 26 24
19 28 33 35 26 24
9 16 19 23 14 12
4 9 7 11 14 12
11 21 28 31 14 12
11 16 21 19 14 12
9 16 11 19 14 12
4 9 11 19 14 12
0 2 7 11 21 28
0 2 7 11 16 21
0 2 11 19 21 28
0 2 11 19 28 33
0 2 7 9 16 11
0 2 7 16 21 23
0 2 9 16 19 23
0 2 4 9 7 11
0 2 11 21 28 31
0 2 11 16 21 19
0 2 9 16 11 19
0 2 4 9 11 19
0 7 11 21 28 14
0 7 11 16 21 14
0 11 19 21 28 14
0 11 19 28 33 14
0 7 9 16 11 14
0 7 16 21 23 14
0 9 16 19 23 14
0 4 9 7 11 14
0 11 21 28 31 14
0 11 16 21 19 14
0 9 16 11 19 14
0 4 9 11 19 14
10 19 29 39 50 12
10 19 29 38 39 12
10 17 19 27 38 12
10 17 19 26 27 12
10 19 27 38 29 12
10 19 26 27 29 12
10 15 26 19 29 12
10 14 15 19 29 12
10 17 27 38 31 12
10 17 26 27 31 12
10 15 26 17 19 12
10 14 15 17 19 12
7 17 27 38 10 12
7 17 26 27 10 12
5 7 15 26 10 12
5 7 14 15 10 12
7 15 26 17 10 12
7 14 15 17 10 12
3 14 7 17 10 12
2 3 7 17 10 12
5 15 26 19 10 12
5 14 15 19 10 12
3 14 5 7 10 12
2 3 5 7 10 12
0 10 19 29 39 50
0 10 19 29 38 39
0 10 17 19 27 38
0 10 17 19 26 27
0 10 19 27 38 29
0 10 19 26 27 29
0 10 15 26 19 29
0 10 14 15 19 29
0 10 17 27 38 31
0 10 17 26 27 31
0 10 15 26 17 19
0 10 14 15 17 19
0 7 17 27 38 10
0 7 17 26 27 10
0 5 7 15 26 10
0 5 7 14 15 10
0 7 15 26 17 10
0 7 14 15 17 10
0 3 14 7 17 10
0 2 3 7 17 10
0 5 15 26 19 10
0 5 14 15 19 10
0 3 14 5 7 10
0 2 3 5 7 10
4 9 11 19 14 12
9 16 11 19 14 12
11 16 21 19 14 12
11 21 28 31 14 12
4 9 7 11 14 12
9 16 19 23 14 12
19 28 33 35 26 24
19 21 28 23 26 24
11 19 28 33 14 12
11 19 21 28 14 12
19 23 28 33 26 24
19 23 33 40 26 24
2 4 9 11 19 12
2 9 16 11 19 12
2 11 16 21 19 12
2 11 21 28 31 12
2 4 9 7 11 12
2 9 16 19 23 12
2 7 16 21 23 12
2 7 9 16 11 12
2 11 19 28 33 12
2 11 19 21 28 12
2 7 11 16 21 12
2 7 11 21 28 12
0 4 9 11 19 14
0 9 16 11 19 14
0 11 16 21 19 14
0 11 21 28 31 14
0 4 9 7 11 14
0 9 16 19 23 14
0 7 16 21 23 14
0 7 9 16 11 14
0 11 19 28 33 14
0 11 19 21 28 14
0 7 11 16 21 14
0 7 11 21 28 14
0 2 4 9 11 19
0 2 9 16 11 19
0 2 11 16 21 19
0 2 11 21 28 31
0 2 4 9 7 11
0 2 9 16 19 23
0 2 7 16 21 23
0 2 7 9 16 11
0 2 11 19 28 33
0 2 11 19 21 28
0 2 7 11 16 21
0 2 7 11 21 28
2 3 5 7 10 12
3 14 5 7 10 12
5 14 15 19 10 12
5 15 26 19 10 12
2 3 7 17 10 12
3 14 7 17 10 12
7 14 15 17 10 12
7 15 26 17 10 12
5 7 14 15 10 12
5 7 15 26 10 12
7 17 26 27 10 12
7 17 27 38 10 12
10 14 15 17 19 12
10 15 26 17 19 12
10 17 26 27 31 12
10 17 27 38 31 12
10 14 15 19 29 12
10 15 26 19 29 12
10 19 26 27 29 12
10 19 27 38 29 12
10 17 19 26 27 12
10 17 19 27 38 12
10 19 29 38 39 12
10 19 29 39 50 12
0 2 3 5 7 10
0 3 14 5 7 10
0 5 14 15 19 10
0 5 15 26 19 10
0 2 3 7 17 10
0 3 14 7 17 10
0 7 14 15 17 10
0 7 15 26 17 10
0 5 7 14 15 10
0 5 7 15 26 10
0 7 17 26 27 10
0 7 17 27 38 10
0 10 14 15 17 19
0 10 15 26 17 19
0 10 17 26 27 31
0 10 17 27 38 31
0 10 14 15 19 29
0 10 15 26 19 29
0 10 19 26 27 29
0 10 19 27 38 29
0 10 17 19 26 27
0 10 17 19 27 38
0 10 19 29 38 39
0 10 19 29 39 50
9 16 11 19 14 12
4 9 11 19 14 12
11 21 28 31 14 12
11 16 21 19 14 12
9 16 19 23 14 12
4 9 7 11 14 12
19 21 28 23 26 24
19 28 33 35 26 24
11 19 21 28 14 12
11 19 28 33 14 12
19 23 33 40 26 24
19 23 28 33 26 24
2 9 16 11 19 12
2 4 9 11 19 12
2 11 21 28 31 12
2 11 16 21 19 12
2 9 16 19 23 12
2 4 9 7 11 12
2 7 9 16 11 12
2 7 16 21 23 12
2 11 19 21 28 12
2 11 19 28 33 12
2 7 11 21 28 12
2 7 11 16 21 12
0 9 16 11 19 14
0 4 9 11 19 14
0 11 21 28 31 14
0 11 16 21 19 14
0 9 16 19 23 14
0 4 9 7 11 14
0 7 9 16 11 14
0 7 16 21 23 14
0 11 19 21 28 14
0 11 19 28 33 14
0 7 11 21 28 14
0 7 11 16 21 14
0 2 9 16 11 19
0 2 4 9 11 19
0 2 11 21 28 31
0 2 11 16 21 19
0 2 9 16 19 23
0 2 4 9 7 11
0 2 7 9 16 11
0 2 7 16 21 23
0 2 11 19 21 28
0 2 11 19 28 33
0 2 7 11 21 28
0 2 7 11 16 21
3 14 5 7 10 12
2 3 5 7 10 12
5 15 26 19 10 12
5 14 15 19 10 12
3 14 7 17 10 12
2 3 7 17 10 12
7 15 26 17 10 12
7 14 15 17 10 12
5 7 15 26 10 12
5 7 14 15 10 12
7 17 27 38 10 12
7 17 26 27 10 12
10 15 26 17 19 12
10 14 15 17 19 12
10 17 27 38 31 12
10 17 26 27 31 12
10 15 26 19 29 12
10 14 15 19 29 12
10 19 27 38 29 12
10 19 26 27 29 12
10 17 19 27 38 12
10 17 19 26 27 12
10 19 29 39 50 12
10 19 29 38 39 12
0 3 14 5 7 10
0 2 3 5 7 10
0 5 15 26 19 10
0 5 14 15 19 10
0 3 14 7 17 10
0 2 3 7 17 10
0 7 15 26 17 10
0 7 14 15 17 10
0 5 7 15 26 10
0 5 7 14 15 10
0 7 17 27 38 10
0 7 17 26 27 10
0 10 15 26 17 19
0 10 14 15 17 19
0 10 17 27 38 31
0 10 17 26 27 31
0 10 15 26 19 29
0 10 14 15 19 29
0 10 19 27 38 29
0 10 19 26 27 29
0 10 17 19 27 38
0 10 17 19 26 27
0 10 19 29 39 50
0 10 19 29 38 39
11 16 21 19 14 12
11 21 28 31 14 12
4 9 11 19 14 12
9 16 11 19 14 12
11 19 28 33 14 12
11 19 21 28 14 12
19 23 28 33 26 24
19 23 33 40 26 24
4 9 7 11 14 12
9 16 19 23 14 12
19 28 33 35 26 24
19 21 28 23 26 24
2 11 16 21 19 12
2 11 21 28 31 12
2 4 9 11 19 12
2 9 16 11 19 12
2 11 19 28 33 12
2 11 19 21 28 12
2 7 11 16 21 12
2 7 11 21 28 12
2 4 9 7 11 12
2 9 16 19 23 12
2 7 16 21 23 12
2 7 9 16 11 12
0 11 16 21 19 14
0 11 21 28 31 14
0 4 9 11 19 14
0 9 16 11 19 14
0 11 19 28 33 14
0 11 19 21 28 14
0 7 11 16 21 14
0 7 11 21 28 14
0 4 9 7 11 14
0 9 16 19 23 14
0 7 16 21 23 14
0 7 9 16 11 14
0 2 11 16 21 19
0 2 11 21 28 31
0 2 4 9 11 19
0 2 9 16 11 19
0 2 11 19 28 33
0 2 11 19 21 28
0 2 7 11 16 21
0 2 7 11 21 28
0 2 4 9 7 11
0 2 9 16 19 23
0 2 7 16 21 23
0 2 7 9 16 11
5 14 15 19 10 12
5 15 26 19 10 12
2 3 5 7 10 12
3 14 5 7 10 12
5 7 14 15 10 12
5 7 15 26 10 12
7 17 26 27 10 12
7 17 27 38 10 12
2 3 7 17 10 12
3 14 7 17 10 12
7 14 15 17 10 12
7 15 26 17 10 12
10 17 26 27 31 12
10 17 27 38 31 12
10 14 15 17 19 12
10 15 26 17 19 12
10 17 19 26 27 12
10 17 19 27 38 12
10 19 29 38 39 12
10 19 29 39 50 12
10 14 15 19 29 12
10 15 26 19 29 12
10 19 26 27 29 12
10 19 27 38 29 12
0 5 14 15 19 10
0 5 15 26 19 10
0 2 3 5 7 10
0 3 14 5 7 10
0 5 7 14 15 10
0 5 7 15 26 10
0 7 17 26 27 10
0 7 17 27 38 10
0 2 3 7 17 10
0 3 14 7 17 10
0 7 14 15 17 10
0 7 15 26 17 10
0 10 17 26 27 31
0 10 17 27 38 31
0 10 14 15 17 19
0 10 15 26 17 19
0 10 17 19 26 27
0 10 17 19 27 38
0 10 19 29 38 39
0 10 19 29 39 50
0 10 14 15 19 29
0 10 15 26 19 29
0 10 19 26 27 29
0 10 19 27 38 29
11 21 28 31 14 12
11 16 21 19 14 12
9 16 11 19 14 12
4 9 11 19 14 12
11 19 21 28 14 12
11 19 28 33 14 12
19 23 33 40 26 24
19 23 28 33 26 24
9 16 19 23 14 12
4 9 7 11 14 12
19 21 28 23 26 24
19 28 33 35 26 24
2 11 21 28 31 12
2 11 16 21 19 12
2 9 16 11 19 12
2 4 9 11 19 12
2 11 19 21 28 12
2 11 19 28 33 12
2 7 11 21 28 12
2 7 11 16 21 12
2 9 16 19 23 12
2 4 9 7 11 12
2 7 9 16 11 12
2 7 16 21 23 12
0 11 21 28 31 14
0 11 16 21 19 14
0 9 16 11 19 14
0 4 9 11 19 14
0 11 19 21 28 14
0 11 19 28 33 14
0 7 11 21 28 14
0 7 11 16 21 14
0 9 16 19 23 14
0 4 9 7 11 14
0 7 9 16 11 14
0 7 16 21 23 14
0 2 11 21 28 31
0 2 11 16 21 19
0 2 9 16 11 19
0 2 4 9 11 19
0 2 11 19 21 28
0 2 11 19 28 33
0 2 7 11 21 28
0 2 7 11 16 21
0 2 9 16 19 23
0 2 4 9 7 11
0 2 7 9 16 11
0 2 7 16 21 23
5 15 26 19 10 12
5 14 15 19 10 12
3 14 5 7 10 12
2 3 5 7 10 12
5 7 15 26 10 12
5 7 14 15 10 12
7 17 27 38 10 12
7 17 26 27 10 12
3 14 7 17 10 12
2 3 7 17 10 12
7 15 26 17 10 12
7 14 15 17 10 12
10 17 27 38 31 12
10 17 26 27 31 12
10 15 26 17 19 12
10 14 15 17 19 12
10 17 19 27 38 12
10 17 19 26 27 12
10 19 29 39 50 12
10 19 29 38 39 12
10 15 26 19 29 12
10 14 15 19 29 12
10 19 27 38 29 12
10 19 26 27 29 12
0 5 15 26 19 10
0 5 14 15 19 10
0 3 14 5 7 10
0 2 3 5 7 10
0 5 7 15 26 10
0 5 7 14 15 10
0 7 17 27 38 10
0 7 17 26 27 10
0 3 14 7 17 10
0 2 3 7 17 10
0 7 15 26 17 10
0 7 14 15 17 10
0 10 17 27 38 31
0 10 17 26 27 31
0 10 15 26 17 19
0 10 14 15 17 19
0 10 17 19 27 38
0 10 17 19 26 27
0 10 19 29 39 50
0 10 19 29 38 39
0 10 15 26 19 29
0 10 14 15 19 29
0 10 19 27 38 29
0 10 19 26 27 29
4 9 7 11 14 12
9 16 19 23 14 12
19 28 33 35 26 24
19 21 28 23 26 24
4 9 11 19 14 12
9 16 11 19 14 12
11 16 21 19 14 12
11 21 28 31 14 12
19 23 28 33 26 24
19 23 33 40 26 24
11 19 28 33 14 12
11 19 21 28 14 12
2 4 9 7 11 12
2 9 16 19 23 12
2 7 16 21 23 12
2 7 9 16 11 12
2 4 9 11 19 12
2 9 16 11 19 12
2 11 16 21 19 12
2 11 21 28 31 12
2 7 11 16 21 12
2 7 11 21 28 12
2 11 19 28 33 12
2 11 19 21 28 12
0 4 9 7 11 14
0 9 16 19 23 14
0 7 16 21 23 14
0 7 9 16 11 14
0 4 9 11 19 14
0 9 16 11 19 14
0 11 16 21 19 14
0 11 21 28 31 14
0 7 11 16 21 14
0 7 11 21 28 14
0 11 19 28 33 14
0 11 19 21 28 14
0 2 4 9 7 11
0 2 9 16 19 23
0 2 7 16 21 23
0 2 7 9 16 11
0 2 4 9 11 19
0 2 9 16 11 19
0 2 11 16 21 19
0 2 11 21 28 31
0 2 7 11 16 21
0 2 7 11 21 28
0 2 11 19 28 33
0 2 11 19 21 28
2 3 7 17 10 12
3 14 7 17 10 12
7 14 15 17 10 12
7 15 26 17 10 12
2 3 5 7 10 12
3 14 5 7 10 12
5 14 15 19 10 12
5 15 26 19 10 12
7 17 26 27 10 12
7 17 27 38 10 12
5 7 14 15 10 12
5 7 15 26 10 12
10 14 15 19 29 12
10 15 26 19 29 12
10 19 26 27 29 12
10 19 27 38 29 12
10 14 15 17 19 12
10 15 26 17 19 12
10 17 26 27 31 12
10 17 27 38 31 12
10 19 29 38 39 12
10 19 29 39 50 12
10 17 19 26 27 12
10 17 19 27 38 12
0 2 3 7 17 10
0 3 14 7 17 10
0 7 14 15 17 10
0 7 15 26 17 10
0 2 3 5 7 10
0 3 14 5 7 10
0 5 14 15 19 10
0 5 15 26 19 10
0 7 17 26 27 10
0 7 17 27 38 10
0 5 7 14 15 10
0 5 7 15 26 10
0 10 14 15 19 29
0 10 15 26 19 29
0 10 19 26 27 29
0 10 19 27 38 29
0 10 14 15 17 19
0 10 15 26 17 19
0 10 17 26 27 31
0 10 17 27 38 31
0 10 19 29 38 39
0 10 19 29 39 50
0 10 17 19 26 27
0 10 17 19 27 38
9 16 19 23 14 12
4 9 7 11 14 12
19 21 28 23 26 24
19 28 33 35 26 24
9 16 11 19 14 12
4 9 11 19 14 12
11 21 28 31 14 12
11 16 21 19 14 12
19 23 33 40 26 24
19 23 28 33 26 24
11 19 21 28 14 12
11 19 28 33 14 12
2 9 16 19 23 12
2 4 9 7 11 12
2 7 9 16 11 12
2 7 16 21 23 12
2 9 16 11 19 12
2 4 9 11 19 12
2 11 21 28 31 12
2 11 16 21 19 12
2 7 11 21 28 12
2 7 11 16 21 12
2 11 19 21 28 12
2 11 19 28 33 12
0 9 16 19 23 14
0 4 9 7 11 14
0 7 9 16 11 14
0 7 16 21 23 14
0 9 16 11 19 14
0 4 9 11 19 14
0 11 21 28 31 14
0 11 16 21 19 14
0 7 11 21 28 14
0 7 11 16 21 14
0 11 19 21 28 14
0 11 19 28 33 14
0 2 9 16 19 23
0 2 4 9 7 11
0 2 7 9 16 11
0 2 7 16 21 23
0 2 9 16 11 19
0 2 4 9 11 19
0 2 11 21 28 31
0 2 11 16 21 19
0 2 7 11 21 28
0 2 7 11 16 21
0 2 11 19 21 28
0 2 11 19 28 33
3 14 7 17 10 12
2 3 7 17 10 12
7 15 26 17 10 12
7 14 15 17 10 12
3 14 5 7 10 12
2 3 5 7 10 12
5 15 26 19 10 12
5 14 15 19 10 12
7 17 27 38 10 12
7 17 26 27 10 12
5 7 15 26 10 12
5 7 14 15 10 12
10 15 26 19 29 12
10 14 15 19 29 12
10 19 27 38 29 12
10 19 26 27 29 12
10 15 26 17 19 12
10 14 15 17 19 12
10 17 27 38 31 12
10 17 26 27 31 12
10 19 29 39 50 12
10 19 29 38 39 12
10 17 19 27 38 12
10 17 19 26 27 12
0 3 14 7 17 10
0 2 3 7 17 10
0 7 15 26 17 10
0 7 14 15 17 10
0 3 14 5 7 10
0 2 3 5 7 10
0 5 15 26 19 10
0 5 14 15 19 10
0 7 17 27 38 10
0 7 17 26 27 10
0 5 7 15 26 10
0 5 7 14 15 10
0 10 15 26 19 29
0 10 14 15 19 29
0 10 19 27 38 29
0 10 19 26 27 29
0 10 15 26 17 19
0 10 14 15 17 19
0 10 17 27 38 31
0 10 17 26 27 31
0 10 19 29 39 50
0 10 19 29 38 39
0 10 17 19 27 38
0 10 17 19 26 27
19 28 33 35 26 24
19 21 28 23 26 24
4 9 7 11 14 12
9 16 19 23 14 12
19 23 28 33 26 24
19 23 33 40 26 24
11 19 28 33 14 12
11 19 21 28 14 12
4 9 11 19 14 12
9 16 11 19 14 12
11 16 21 19 14 12
11 21 28 31 14 12
2 7 16 21 23 12
2 7 9 16 11 12
2 4 9 7 11 12
2 9 16 19 23 12
2 7 11 16 21 12
2 7 11 21 28 12
2 11 19 28 33 12
2 11 19 21 28 12
2 4 9 11 19 12
2 9 16 11 19 12
2 11 16 21 19 12
2 11 21 28 31 12
0 7 16 21 23 14
0 7 9 16 11 14
0 4 9 7 11 14
0 9 16 19 23 14
0 7 11 16 21 14
0 7 11 21 28 14
0 11 19 28 33 14
0 11 19 21 28 14
0 4 9 11 19 14
0 9 16 11 19 14
0 11 16 21 19 14
0 11 21 28 31 14
0 2 7 16 21 23
0 2 7 9 16 11
0 2 4 9 7 11
0 2 9 16 19 23
0 2 7 11 16 21
0 2 7 11 21 28
0 2 11 19 28 33
0 2 11 19 21 28
0 2 4 9 11 19
0 2 9 16 11 19
0 2 11 16 21 19
0 2 11 21 28 31
7 14 15 17 10 12
7 15 26 17 10 12
2 3 7 17 10 12
3 14 7 17 10 12
7 17 26 27 10 12
7 17 27 38 10 12
5 7 14 15 10 12
5 7 15 26 10 12
2 3 5 7 10 12
3 14 5 7 10 12
5 14 15 19 10 12
5 15 26 19 10 12
10 19 26 27 29 12
10 19 27 38 29 12
10 14 15 19 29 12
10 15 26 19 29 12
10 19 29 38 39 12
10 19 29 39 50 12
10 17 19 26 27 12
10 17 19 27 38 12
10 14 15 17 19 12
10 15 26 17 19 12
10 17 26 27 31 12
10 17 27 38 31 12
0 7 14 15 17 10
0 7 15 26 17 10
0 2 3 7 17 10
0 3 14 7 17 10
0 7 17 26 27 10
0 7 17 27 38 10
0 5 7 14 15 10
0 5 7 15 26 10
0 2 3 5 7 10
0 3 14 5 7 10
0 5 14 15 19 10
0 5 15 26 19 10
0 10 19 26 27 29
0 10 19 27 38 29
0 10 14 15 19 29
0 10 15 26 19 29
0 10 19 29 38 39
0 10 19 29 39 50
0 10 17 19 26 27
0 10 17 19 27 38
0 10 14 15 17 19
0 10 15 26 17 19
0 10 17 26 27 31
0 10 17 27 38 31
19 21 28 23 26 24
19 28 33 35 26 24
9 16 19 23 14 12
4 9 7 11 14 12
19 23 33 40 26 24
19 23 28 33 26 24
11 19 21 28 14 12
11 19 28 33 14 12
9 16 11 19 14 12
4 9 11 19 14 12
11 21 28 31 14 12
11 16 21 19 14 12
2 7 9 16 11 12
2 7 16 21 23 12
2 9 16 19 23 12
2 4 9 7 11 12
2 7 11 21 28 12
2 7 11 16 21 12
2 11 19 21 28 12
2 11 19 28 33 12
2 9 16 11 19 12
2 4 9 11 19 12
2 11 21 28 31 12
2 11 16 21 19 12
0 7 9 16 11 14
0 7 16 21 23 14
0 9 16 19 23 14
0 4 9 7 11 14
0 7 11 21 28 14
0 7 11 16 21 14
0 11 19 21 28 14
0 11 19 28 33 14
0 9 16 11 19 14
0 4 9 11 19 14
0 11 21 28 31 14
0 11 16 21 19 14
0 2 7 9 16 11
0 2 7 16 21 23
0 2 9 16 19 23
0 2 4 9 7 11
0 2 7 11 21 28
0 2 7 11 16 21
0 2 11 19 21 28
0 2 11 19 28 33
0 2 9 16 11 19
0 2 4 9 11 19
0 2 11 21 28 31
0 2 11 16 21 19
7 15 26 17 10 12
7 14 15 17 10 12
3 14 7 17 10 12
2 3 7 17 10 12
7 17 27 38 10 12
7 17 26 27 10 12
5 7 15 26 10 12
5 7 14 15 10 12
3 14 5 7 10 12
2 3 5 7 10 12
5 15 26 19 10 12
5 14 15 19 10 12
10 19 27 38 29 12
10 19 26 27 29 12
10 15 26 19 29 12
10 14 15 19 29 12
10 19 29 39 50 12
10 19 29 38 39 12
10 17 19 27 38 12
10 17 19 26 27 12
10 15 26 17 19 12
10 14 15 17 19 12
10 17 27 38 31 12
10 17 26 27 31 12
0 7 15 26 17 10
0 7 14 15 17 10
0 3 14 7 17 10
0 2 3 7 17 10
0 7 17 27 38 10
0 7 17 26 27 10
0 5 7 15 26 10
0 5 7 14 15 10
0 3 14 5 7 10
0 2 3 5 7 10
0 5 15 26 19 10
0 5 14 15 19 10
0 10 19 27 38 29
0 10 19 26 27 29
0 10 15 26 19 29
0 10 14 15 19 29
0 10 19 29 39 50
0 10 19 29 38 39
0 10 17 19 27 38
0 10 17 19 26 27
0 10 15 26 17 19
0 10 14 15 17 19
0 10 17 27 38 31
0 10 17 26 27 31
11 19 28 33 14 12
11 19 21 28 14 12
19 23 28 33 26 24
19 23 33 40 26 24
11 16 21 19 14 12
11 21 28 31 14 12
4 9 11 19 14 12
9 16 11 19 14 12
19 28 33 35 26 24
19 21 28 23 26 24
4 9 7 11 14 12
9 16 19 23 14 12
2 11 19 28 33 12
2 11 19 21 28 12
2 7 11 16 21 12
2 7 11 21 28 12
2 11 16 21 19 12
2 11 21 28 31 12
2 4 9 11 19 12
2 9 16 11 19 12
2 7 16 21 23 12
2 7 9 16 11 12
2 4 9 7 11 12
2 9 16 19 23 12
0 11 19 28 33 14
0 11 19 21 28 14
0 7 11 16 21 14
0 7 11 21 28 14
0 11 16 21 19 14
0 11 21 28 31 14
0 4 9 11 19 14
0 9 16 11 19 14
0 7 16 21 23 14
0 7 9 16 11 14
0 4 9 7 11 14
0 9 16 19 23 14
0 2 11 19 28 33
0 2 11 19 21 28
0 2 7 11 16 21
0 2 7 11 21 28
0 2 11 16 21 19
0 2 11 21 28 31
0 2 4 9 11 19
0 2 9 16 11 19
0 2 7 16 21 23
0 2 7 9 16 11
0 2 4 9 7 11
0 2 9 16 19 23
5 7 14 15 10 12
5 7 15 26 10 12
7 17 26 27 10 12
7 17 27 38 10 12
5 14 15 19 10 12
5 15 26 19 10 12
2 3 5 7 10 12
3 14 5 7 10 12
7 14 15 17 10 12
7 15 26 17 10 12
2 3 7 17 10 12
3 14 7 17 10 12
10 17 19 26 27 12
10 17 19 27 38 12
10 19 29 38 39 12
10 19 29 39 50 12
10 17 26 27 31 12
10 17 27 38 31 12
10 14 15 17 19 12
10 15 26 17 19 12
10 19 26 27 29 12
10 19 27 38 29 12
10 14 15 19 29 12
10 15 26 19 29 12
0 5 7 14 15 10
0 5 7 15 26 10
0 7 17 26 27 10
0 7 17 27 38 10
0 5 14 15 19 10
0 5 15 26 19 10
0 2 3 5 7 10
0 3 14 5 7 10
0 7 14 15 17 10
0 7 15 26 17 10
0 2 3 7 17 10
0 3 14 7 17 10
0 10 17 19 26 27
0 10 17 19 27 38
0 10 19 29 38 39
0 10 19 29 39 50
0 10 17 26 27 31
0 10 17 27 38 31
0 10 14 15 17 19
0 10 15 26 17 19
0 10 19 26 27 29
0 10 19 27 38 29
0 10 14 15 19 29
0 10 15 26 19 29
11 19 21 28 14 12
11 19 28 33 14 12
19 23 33 40 26 24
19 23 28 33 26 24
11 21 28 31 14 12
11 16 21 19 14 12
9 16 11 19 14 12
4 9 11 19 14 12
19 21 28 23 26 24
19 28 33 35 26 24
9 16 19 23 14 12
4 9 7 11 14 12
2 11 19 21 28 12
2 11 19 28 33 12
2 7 11 21 28 12
2 7 11 16 21 12
2 11 21 28 31 12
2 11 16 21 19 12
2 9 16 11 19 12
2 4 9 11 19 12
2 7 9 16 11 12
2 7 16 21 23 12
2 9 16 19 23 12
2 4 9 7 11 12
0 11 19 21 28 14
0 11 19 28 33 14
0 7 11 21 28 14
0 7 11 16 21 14
0 11 21 28 31 14
0 11 16 21 19 14
0 9 16 11 19 14
0 4 9 11 19 14
0 7 9 16 11 14
0 7 16 21 23 14
0 9 16 19 23 14
0 4 9 7 11 14
0 2 11 19 21 28
0 2 11 19 28 33
0 2 7 11 21 28
0 2 7 11 16 21
0 2 11 21 28 31
0 2 11 16 21 19
0 2 9 16 11 19
0 2 4 9 11 19
0 2 7 9 16 11
0 2 7 16 21 23
0 2 9 16 19 23
0 2 4 9 7 11
5 7 15 26 10 12
5 7 14 15 10 12
7 17 27 38 10 12
7 17 26 27 10 12
5 15 26 19 10 12
5 14 15 19 10 12
3 14 5 7 10 12
2 3 5 7 10 12
7 15 26 17 10 12
7 14 15 17 10 12
3 14 7 17 10 12
2 3 7 17 10 12
10 17 19 27 38 12
10 17 19 26 27 12
10 19 29 39 50 12
10 19 29 38 39 12
10 17 27 38 31 12
10 17 26 27 31 12
10 15 26 17 19 12
10 14 15 17 19 12
10 19 27 38 29 12
10 19 26 27 29 12
10 15 26 19 29 12
10 14 15 19 29 12
0 5 7 15 26 10
0 5 7 14 15 10
0 7 17 27 38 10
0 7 17 26 27 10
0 5 15 26 19 10
0 5 14 15 19 10
0 3 14 5 7 10
0 2 3 5 7 10
0 7 15 26 17 10
0 7 14 15 17 10
0 3 14 7 17 10
0 2 3 7 17 10
0 10 17 19 27 38
0 10 17 19 26 27
0 10 19 29 39 50
0 10 19 29 38 39
0 10 17 27 38 31
0 10 17 26 27 31
0 10 15 26 17 19
0 10 14 15 17 19
0 10 19 27 38 29
0 10 19 26 27 29
0 10 15 26 19 29
0 10 14 15 19 29
19 23 28 33 26 24
19 23 33 40 26 24
11 19 28 33 14 12
11 19 21 28 14 12
19 28 33 35 26 24
19 21 28 23 26 24
4 9 7 11 14 12
9 16 19 23 14 12
11 16 21 19 14 12
11 21 28 31 14 12
4 9 11 19 14 12
9 16 11 19 14 12
2 7 11 16 21 12
2 7 11 21 28 12
2 11 19 28 33 12
2 11 19 21 28 12
2 7 16 21 23 12
2 7 9 16 11 12
2 4 9 7 11 12
2 9 16 19 23 12
2 11 16 21 19 12
2 11 21 28 31 12
2 4 9 11 19 12
2 9 16 11 19 12
0 7 11 16 21 14
0 7 11 21 28 14
0 11 19 28 33 14
0 11 19 21 28 14
0 7 16 21 23 14
0 7 9 16 11 14
0 4 9 7 11 14
0 9 16 19 23 14
0 11 16 21 19 14
0 11 21 28 31 14
0 4 9 11 19 14
0 9 16 11 19 14
0 2 7 11 16 21
0 2 7 11 21 28
0 2 11 19 28 33
0 2 11 19 21 28
0 2 7 16 21 23
0 2 7 9 16 11
0 2 4 9 7 11
0 2 9 16 19 23
0 2 11 16 21 19
0 2 11 21 28 31
0 2 4 9 11 19
0 2 9 16 11 19
7 17 26 27 10 12
7 17 27 38 10 12
5 7 14 15 10 12
5 7 15 26 10 12
7 14 15 17 10 12
7 15 26 17 10 12
2 3 7 17 10 12
3 14 7 17 10 12
5 14 15 19 10 12
5 15 26 19 10 12
2 3 5 7 10 12
3 14 5 7 10 12
10 19 29 38 39 12
10 19 29 39 50 12
10 17 19 26 27 12
10 17 19 27 38 12
10 19 26 27 29 12
10 19 27 38 29 12
10 14 15 19 29 12
10 15 26 19 29 12
10 17 26 27 31 12
10 17 27 38 31 12
10 14 15 17 19 12
10 15 26 17 19 12
0 7 17 26 27 10
0 7 17 27 38 10
0 5 7 14 15 10
0 5 7 15 26 10
0 7 14 15 17 10
0 7 15 26 17 10
0 2 3 7 17 10
0 3 14 7 17 10
0 5 14 15 19 10
0 5 15 26 19 10
0 2 3 5 7 10
0 3 14 5 7 10
0 10 19 29 38 39
0 10 19 29 39 50
0 10 17 19 26 27
0 10 17 19 27 38
0 10 19 26 27 29
0 10 19 27 38 29
0 10 14 15 19 29
0 10 15 26 19 29
0 10 17 26 27 31
0 10 17 27 38 31
0 10 14 15 17 19
0 10 15 26 17 19
19 23 33 40 26 24
19 23 28 33 26 24
11 19 21 28 14 12
11 19 28 33 14 12
19 21 28 23 26 24
19 28 33 35 26 24
9 16 19 23 14 12
4 9 7 11 14 12
11 21 28 31 14 12
11 16 21 19 14 12
9 16 11 19 14 12
4 9 11 19 14 12
2 7 11 21 28 12
2 7 11 16 21 12
2 11 19 21 28 12
2 11 19 28 33 12
2 7 9 16 11 12
2 7 16 21 23 12
2 9 16 19 23 12
2 4 9 7 11 12
2 11 21 28 31 12
2 11 16 21 19 12
2 9 16 11 19 12
2 4 9 11 19 12
0 7 11 21 28 14
0 7 11 16 21 14
0 11 19 21 28 14
0 11 19 28 33 14
0 7 9 16 11 14
0 7 16 21 23 14
0 9 16 19 23 14
0 4 9 7 11 14
0 11 21 28 31 14
0 11 16 21 19 14
0 9 16 11 19 14
0 4 9 11 19 14
0 2 7 11 21 28
0 2 7 11 16 21
0 2 11 19 21 28
0 2 11 19 28 33
0 2 7 9 16 11
0 2 7 16 21 23
0 2 9 16 19 23
0 2 4 9 7 11
0 2 11 21 28 31
0 2 11 16 21 19
0 2 9 16 11 19
0 2 4 9 11 19
7 17 27 38 10 12
7 17 26 27 10 12
5 7 15 26 10 12
5 7 14 15 10 12
7 15 26 17 10 12
7 14 15 17 10 12
3 14 7 17 10 12
2 3 7 17 10 12
5 15 26 19 10 12
5 14 15 19 10 12
3 14 5 7 10 12
2 3 5 7 10 12
10 19 29 39 50 12
10 19 29 38 39 12
10 17 19 27 38 12
10 17 19 26 27 12
10 19 27 38 29 12
10 19 26 27 29 12
10 15 26 19 29 12
10 14 15 19 29 12
10 17 27 38 31 12
10 17 26 27 31 12
10 15 26 17 19 12
10 14 15 17 19 12
0 7 17 27 38 10
0 7 17 26 27 10
0 5 7 15 26 10
0 5 7 14 15 10
0 7 15 26 17 10
0 7 14 15 17 10
0 3 14 7 17 10
0 2 3 7 17 10
0 5 15 26 19 10
0 5 14 15 19 10
0 3 14 5 7 10
0 2 3 5 7 10
0 10 19 29 39 50
0 10 19 29 38 39
0 10 17 19 27 38
0 10 17 19 26 27
0 10 19 27 38 29
0 10 19 26 27 29
0 10 15 26 19 29
0 10 14 15 19 29
0 10 17 27 38 31
0 10 17 26 27 31
0 10 15 26 17 19
0 10 14 15 17 19
